[ WARN:0] global /home/debian/mount/opencv/modules/videoio/src/cap.cpp (163) open VIDEOIO(V4L2): trying capture cameraNum=0 ...
[ WARN:0] global /home/debian/mount/opencv/modules/videoio/src/cap.cpp (175) open VIDEOIO(V4L2): created, isOpened=1
VIDEOIO ERROR: V4L2: property pos_frames is not supported
cap.set(cv::VIDEOWRITER_PROP_QUALITY,10) is not supported by the video backend
NT: client: CONNECTED to server 10.6.23.2 port 1735
-8.71836
-8.71836
-8.78203
-8.78203
-8.71836
-8.71836
-8.71836
-8.78203
-8.71836
-8.71836
-8.71836
-8.78203
-8.71836
-8.71836
-8.71836
-8.71836
-8.78203
-8.78203
-8.78203
-8.71836
-8.78203
-8.78203
-8.78203
-8.71836
-8.78203
-8.71836
-8.78203
-8.78203
-8.78203
-8.78203
-8.71836
-8.71836
-8.71836
-8.78203
-8.71836
-8.78203
-8.71836
-8.78203
-8.71836
-8.71836
-8.78203
-8.71836
-8.78203
-8.71836
-8.78203
-8.71836
-8.78203
-8.71836
-8.71836
-8.71836
-8.71836
-8.78203
-8.71836
-8.71836
-8.71836
-8.71836
-8.71836
-8.78203
-8.71836
-8.71836
-8.71836
-8.71836
-8.71836
-8.71836
-8.71836
-8.78203
-8.71836
-8.78203
-8.71836
-8.71836
-8.71836
-8.71836
-8.78203
-8.71836
-8.78203
-8.71836
-8.71836
-8.78203
-8.71836
-8.78203
-8.71836
-8.78203
-8.71836
-8.78203
-8.78203
-8.71836
-8.71836
-8.71836
-8.78203
-8.71836
-8.78203
-8.71836
-8.71836
-8.71836
-8.71836
-8.78203
-8.71836
-8.78203
-8.71836
-8.78203
-8.71836
-8.78203
-8.78203
-8.71836
-8.78203
-8.71836
-8.71836
-8.71836
-8.71836
-8.71836
-8.78203
-8.71836
-8.78203
-8.71836
-8.71836
-8.71836
-8.78203
-8.71836
-8.71836
-8.71836
-8.78203
-8.78203
-8.71836
-8.71836
-8.71836
-8.78203
-8.71836
-8.78203
-8.71836
-8.71836
-8.71836
-8.78203
-8.71836
-8.78203
-8.78203
-8.71836
-8.71836
-8.71836
-8.78203
-8.78203
-8.71836
-8.71836
-8.78203
-8.71836
-8.71836
-8.71836
-8.78203
-8.71836
-8.78203
-8.71836
-8.71836
-8.78203
-8.71836
-8.71836
-8.71836
-8.71836
-8.78203
-8.71836
-8.71836
-8.78203
-8.71836
-8.71836
-8.78203
-8.78203
-8.71836
-8.71836
-8.71836
-8.78203
-8.71836
-8.71836
-8.78203
-8.71836
-8.78203
-8.71836
-8.71836
-8.71836
-8.78203
-8.71836
-8.78203
-8.71836
-8.78203
-8.71836
-8.78203
-8.71836
-8.71836
-8.78203
-8.78203
-8.78203
-8.71836
-8.78203
-8.71836
-8.78203
-8.71836
-8.71836
-8.71836
-8.71836
-8.71836
-8.71836
-8.78203
-8.78203
-8.71836
-8.71836
-8.71836
-8.71836
-8.78203
-8.71836
-8.78203
-8.71836
-8.78203
-8.71836
-8.71836
-8.78203
-8.71836
-8.71836
-8.71836
-8.71836
-8.78203
-8.71836
-8.71836
-8.71836
-8.78203
-8.71836
-8.78203
-8.71836
-8.71836
-8.71836
-8.71836
-8.78203
-8.71836
-8.71836
-8.71836
-8.71836
-8.71836
-8.71836
-8.71836
-8.78203
-8.71836
-8.71836
-8.71836
-8.71836
-8.78203
-8.71836
-8.78203
-8.71836
-8.78203
-8.71836
-8.71836
-8.71836
-8.71836
-8.71836
-8.71836
-8.78203
-8.78203
-8.71836
-8.71836
-8.71836
-8.71836
-8.71836
-8.71836
-8.71836
-8.71836
-8.71836
-8.71836
-8.71836
-8.71836
-8.71836
-8.71836
-8.71836
-8.71836
-8.71836
-8.71836
-8.71836
-8.71836
-8.71836
-8.71836
-8.71836
-8.71836
-8.71836
-8.71836
-8.71836
-8.71836
-8.78203
-8.71836
-8.71836
-8.71836
-8.78203
-8.78203
-8.71836
-8.71836
-8.71836
-8.71836
-8.71836
-8.71836
-8.71836
-8.78203
-8.71836
-8.78203
-8.71836
-8.71836
-8.71836
-8.71836
-8.71836
-8.71836
-8.71836
-8.71836
-8.71836
-8.71836
-8.78203
-8.78203
-8.78203
-8.78203
-8.71836
-8.78203
-8.78203
-8.71836
-8.71836
-8.71836
-8.71836
-8.71836
-8.71836
-8.71836
-8.78203
-8.71836
-8.71836
-8.71836
-8.78203
-8.71836
-8.71836
-8.71836
-8.71836
-8.71836
-8.71836
-8.78203
-8.71836
-8.78203
-8.78203
-8.71836
-8.71836
-8.71836
-8.71836
-8.71836
-8.71836
-8.71836
-8.71836
-8.71836
-8.71836
-8.71836
-8.71836
-8.71836
-8.71836
-8.71836
-8.78203
-8.78203
-8.71836
-8.71836
-8.71836
-8.71836
-8.71836
-8.71836
-8.71836
-8.78203
-8.71836
-8.71836
-8.71836
-8.71836
-8.78203
-8.71836
-8.78203
-8.71836
-8.71836
-8.78203
-8.78203
-8.71836
-8.71836
-8.71836
-8.71836
-8.71836
-8.71836
-8.71836
-8.78203
-8.71836
-8.78203
-8.71836
-8.71836
-8.71836
-8.71836
-8.71836
-8.78203
-8.71836
-8.78203
-8.71836
-8.78203
-8.71836
-8.78203
-8.78203
-8.71836
-8.71836
-8.71836
-8.71836
-8.78203
-8.71836
-8.78203
-8.78203
-8.71836
-8.71836
-8.78203
-8.71836
-8.71836
-8.71836
-8.71836
-8.71836
-8.71836
-8.78203
-8.71836
-8.78203
-8.71836
-8.78203
-8.78203
-8.71836
-8.71836
-8.71836
-8.71836
-8.71836
-8.71836
-8.71836
-8.71836
-8.71836
-8.71836
-8.71836
-9.37824
-9.31114
-8.71836
-8.78203
-8.82836
-8.98078
-9.30843
-10.2972
-10.5489
-10.8376
-11.0867
-11.4084
-11.8239
-12.1895
-12.5717
-12.2022
-12.5788
-13.016
-13.392
-13.6858
-13.8345
-13.9925
-13.9925
-13.9925
-13.9925
-13.938
-13.9473
-13.9321
-13.9473
-13.888
-13.9473
-13.8345
-13.5644
-13.3471
-13.1035
-13.4339
-12.964
-12.5439
-12.0036
-11.4148
-10.8286
-10.1725
-9.60163
-9.8089
-8.83941
-8.39336
-7.82687
-7.44716
-7.02346
-6.45901
-5.89311
-5.39022
-5.42621
-4.79778
-4.30025
-3.62616
-3.09437
-2.58598
-1.73668
-0.836325
-0.495569
-0.15465
0.0739359
0.356974
0.688936
0.981665
1.26896
1.43205
2.12371
2.36056
2.21434
3.04375
2.80788
3.72206
4.00452
4.50676
4.84663
5.07162
5.17768
5.32642
5.25992
5.32642
5.647
5.18196
5.18623
5.00782
4.57771
4.31542
3.99845
3.65794
1.72214
1.27852
0.810977
0.308059
-0.203967
-1.12151
-2.07372
-2.58959
-3.15051
-3.75665
-4.43172
-5.89693
-6.0078
-7.28396
-7.92919
-9.28037
-9.17879
-9.86906
-10.3788
-10.9354
-11.412
-12.0689
-12.6035
-12.4607
-13.0443
-13.733
-14.4547
-14.9773
-15.4788
-16.1165
-16.6835
-17.0866
-16.8216
-17.1913
-17.2778
-17.2322
-17.1769
-17.7597
-17.6826
-17.4128
-16.3952
-15.8916
-15.1786
-14.45
-13.7118
-13.722
-13.0815
-12.4622
-11.8442
-11.1925
-9.93745
-9.97685
-8.55119
-7.84074
-7.10554
-6.4879
-6.48414
-3.82208
-2.01713
-1.28091
-0.543393
-0.403447
0.355914
1.10715
1.78931
2.47586
3.04231
4.80451
5.32838
5.8235
6.34163
6.81147
7.28055
7.82381
8.25985
8.59051
9.09766
9.60615
10.2323
10.6977
11.154
11.6804
12.1526
12.6432
13.069
13.5166
13.8759
14.2691
14.6194
15.4018
15.8836
16.1365
16.3613
16.6134
16.8915
17.2485
17.6139
17.958
18.2642
18.5469
18.7278
18.9492
20.507
20.9028
21.242
21.3161
21.2156
21.1611
20.9594
20.563
20.0199
18.9134
18.1446
17.4583
9.37424
8.0217
7.41307
5.99599
5.07918
4.73946
3.88557
2.16997
1.43776
0.746176
0.233865
-1.47861
-2.14185
-2.82637
-3.55979
-4.13607
-4.61926
-5.06582
-5.36486
-5.56925
-5.73679
-5.83135
-5.89505
-5.83135
-5.95731
-5.97734
-5.96848
-5.96848
-6.43257
-6.92387
-8.53007
-9.68597
-10.5787
-11.3847
-12.3628
-12.6819
-14.2124
-15.1891
-16.1759
-16.9782
-17.1293
-18.0025
-18.8665
-19.3882
-20.4487
-21.0124
-21.0008
-10.5221
-13.2497
-12.4172
-14.3975
-15.2577
-18.9353
-17.242
-8.00618
-21.4683
-20.3738
-20.4702
-18.9256
-18.4136
-17.8463
-17.3147
-17.5563
-17.0956
-16.6386
-16.1251
-14.8156
-13.4999
-12.848
-11.4675
-10.0529
-9.33026
-7.99121
-6.79213
-4.95395
-3.8948
-2.99376
-0.333023
-0.098586
-1.81856
-3.04144
-4.50864
-5.3861
-10.1364
-12.0893
-14.7196
-16.1533
-16.7435
-18.0192
-19.1561
-19.6697
-20.6079
-21.3132
-20.8472
-21.697
-21.543
-21.3157
-20.9258
-20.3779
-19.6942
-19.8836
-18.4051
-17.4743
-17.0969
-15.7533
-14.7702
-13.3702
-12.5659
-11.1464
-9.8526
-9.33557
-8.23554
-7.01593
-4.96381
-3.69846
-2.38178
-1.07159
0.235782
1.06664
2.50044
4.84734
5.93396
7.10896
8.2226
10.0738
11.6713
13.2754
14.7624
16.1716
17.3915
19.0825
20.3263
21.6912
22.9423
10.1307
10.6355
11.7691
12.7811
12.8008
-164.337
14.993
15.479
16.2217
19.8403
14.2164
NT: ERROR: select() to 10.6.23.2 port 1735 error 111 - Connection refused (TCPConnector.cpp:173)
NT: ERROR: select() to 10.6.23.2 port 1735 error 111 - Connection refused (TCPConnector.cpp:173)
NT: ERROR: select() to 10.6.23.2 port 1735 error 111 - Connection refused (TCPConnector.cpp:173)
NT: ERROR: select() to 10.6.23.2 port 1735 error 111 - Connection refused (TCPConnector.cpp:173)
NT: ERROR: select() to 10.6.23.2 port 1735 error 111 - Connection refused (TCPConnector.cpp:173)
NT: ERROR: select() to 10.6.23.2 port 1735 error 111 - Connection refused (TCPConnector.cpp:173)
22.8805
22.014
20.6766
19.0613
17.8276
NT: ERROR: select() to 10.6.23.2 port 1735 error 111 - Connection refused (TCPConnector.cpp:173)
14.9716
13.6474
12.3323
11.0527
NT: ERROR: select() to 10.6.23.2 port 1735 error 111 - Connection refused (TCPConnector.cpp:173)
9.89656
8.6548
7.47793
6.40251
5.28338
NT: ERROR: select() to 10.6.23.2 port 1735 error 111 - Connection refused (TCPConnector.cpp:173)
4.0928
2.89218
1.70342
NT: ERROR: select() to 10.6.23.2 port 1735 error 111 - Connection refused (TCPConnector.cpp:173)
-1.37236
-1.88514
-3.9789
-4.97033
NT: ERROR: select() to 10.6.23.2 port 1735 error 111 - Connection refused (TCPConnector.cpp:173)
-5.97937
-7.43119
-8.40283
-9.50576
-10.5876
NT: ERROR: select() to 10.6.23.2 port 1735 error 111 - Connection refused (TCPConnector.cpp:173)
-11.6753
-11.871
-12.5335
NT: ERROR: select() to 10.6.23.2 port 1735 error 111 - Connection refused (TCPConnector.cpp:173)
-13.2145
-12.8958
-13.1448
-12.5717
-11.7957
NT: ERROR: select() to 10.6.23.2 port 1735 error 111 - Connection refused (TCPConnector.cpp:173)
-10.7353
-9.67104
-7.84989
-6.48391
NT: ERROR: select() to 10.6.23.2 port 1735 error 111 - Connection refused (TCPConnector.cpp:173)
-3.89249
-3.15781
-0.254075
1.31654
NT: client: CONNECTED to server 10.6.23.2 port 1735
2.76219
4.3158
5.88478
7.30731
8.73123
9.9145
11.0119
11.7267
11.9484
11.8266
11.3948
10.5634
9.68673
6.9274
5.24523
3.22441
-1.05278
-3.58287
-7.85308
-10.928
-13.2745
-16.2169
-18.2493
-20.5355
-15.9745
-20.8529
-20.6201
-18.6581
-17.3821
-16.8515
-15.9846
-15.3576
-13.8292
-13.768
-12.9372
-12.0997
-11.1833
-10.1338
-8.65057
-8.11735
-7.66797
-7.21719
-6.75773
-6.44205
-6.108
-6.29958
-5.97101
-5.20615
-4.73777
-4.3343
-3.90055
-3.43283
-2.82439
-0.451663
0.623403
1.77355
3.08128
5.72138
7.15057
8.44672
9.74377
10.8396
11.5711
11.8209
11.7356
11.2827
10.4991
9.45651
8.18318
6.75017
5.51318
4.65737
4.22683
3.9592
3.82638
3.84854
3.78891
3.7204
3.71516
3.71516
3.78891
3.78313
3.71516
3.71516
3.78313
3.78313
3.71516
3.71516
3.78313
3.71516
3.71516
3.78313
3.78313
3.71516
3.71516
3.71516
3.78313
3.71516
3.71516
3.71516
3.78313
3.71516
3.71516
3.78313
3.78313
3.71516
3.71516
3.71516
3.71516
3.71516
3.71516
3.71516
3.71516
3.71516
3.71516
3.71516
3.71516
3.71516
3.71516
3.71516
3.71516
3.71516
3.71516
3.71516
3.71516
3.71516
3.71516
3.71516
3.71516
3.71516
3.71516
3.71516
3.71516
3.71516
3.71516
3.71516
3.71516
3.71516
3.71516
3.71516
3.71516
3.71516
3.71516
3.71516
3.71516
3.71516
3.89579
3.8999
4.08489
4.43694
4.85129
5.75273
5.86422
6.16215
6.27223
6.16902
6.23651
6.23651
6.23651
6.23651
6.23651
6.23651
6.16902
NT: ERROR: select() to 10.6.23.2 port 1735 error 111 - Connection refused (TCPConnector.cpp:173)
6.23651
6.23651
6.23651
6.23651
6.23651
NT: ERROR: select() to 10.6.23.2 port 1735 error 111 - Connection refused (TCPConnector.cpp:173)
6.23651
6.23651
6.23651
6.23651
6.23651
NT: ERROR: select() to 10.6.23.2 port 1735 error 111 - Connection refused (TCPConnector.cpp:173)
6.23651
6.23651
6.23651
6.23651
6.23651
6.23651
NT: ERROR: select() to 10.6.23.2 port 1735 error 111 - Connection refused (TCPConnector.cpp:173)
6.23651
6.23651
6.23651
6.16246
6.2821
NT: ERROR: select() to 10.6.23.2 port 1735 error 111 - Connection refused (TCPConnector.cpp:173)
6.41331
6.13695
6.34066
6.19819
6.26284
NT: ERROR: select() to 10.6.23.2 port 1735 error 111 - Connection refused (TCPConnector.cpp:173)
6.30474
6.3124
6.29307
6.65619
6.70622
NT: ERROR: select() to 10.6.23.2 port 1735 error 111 - Connection refused (TCPConnector.cpp:173)
6.77853
6.75189
7.15487
7.12794
7.11715
NT: client: CONNECTED to server 10.6.23.2 port 1735
7.447
7.37208
7.43589
7.12699
7.19308
7.29667
7.25865
7.25865
7.19308
7.19308
7.45204
7.38941
7.32464
7.33132
7.33132
7.39427
7.50096
7.4583
7.45375
7.49668
7.45375
7.45375
7.4583
7.4583
7.39427
7.39427
7.4583
7.50096
7.45375
7.49668
7.49668
7.38941
7.4583
7.4583
7.39427
7.4583
7.4583
7.4583
7.38941
7.45375
7.38941
7.4583
7.4583
7.4583
7.4583
7.4583
7.4583
7.50096
7.4583
7.4583
7.4583
7.4583
7.4583
7.4583
7.4583
7.4583
7.50096
7.4583
7.38941
7.4583
7.4583
7.4583
7.50096
7.4583
7.4583
7.4583
7.4583
7.4583
7.50096
7.4583
7.4583
7.4583
7.4583
7.4583
7.4583
7.4583
7.50096
7.4583
7.4583
7.4583
7.4583
7.4583
7.39427
7.4583
7.4583
7.4583
7.4583
7.4583
7.4583
7.4583
7.4583
7.4583
7.50096
7.4583
7.4583
7.4583
7.4583
7.50096
7.4583
7.4583
7.4583
7.50096
7.4583
7.4583
7.4583
7.4583
7.50096
7.4583
7.50096
7.4583
7.4583
7.50096
7.4583
7.4583
7.4583
7.50096
7.4583
7.50096
7.4583
7.4583
7.4583
7.4583
7.4583
7.50096
7.4583
7.4583
7.4583
7.50096
7.4583
7.4583
7.4583
7.4583
7.4583
7.4583
7.4583
7.4583
7.4583
7.50096
7.4583
7.4583
7.4583
7.4583
7.4583
7.4583
7.4583
7.50096
7.4583
7.4583
7.4583
7.4583
7.4583
7.4583
7.4583
7.4583
7.4583
7.4583
7.4583
7.4583
7.4583
7.4583
7.4583
7.4583
7.4583
7.4583
7.50096
7.4583
7.4583
7.4583
7.4583
7.4583
7.4583
7.4583
7.4583
7.4583
7.50096
7.50096
7.4583
7.4583
7.50096
7.4583
7.50096
7.4583
7.4583
7.4583
7.4583
7.4583
7.4583
7.4583
7.4583
7.50096
7.4583
7.4583
7.4583
7.4583
7.4583
7.50096
7.4583
7.50096
7.50096
7.4583
7.4583
7.50096
7.4583
7.4583
7.4583
7.50096
7.4583
7.50096
7.4583
7.50096
7.4583
7.4583
7.4583
7.4583
7.4583
7.50096
7.4583
7.4583
7.50096
7.4583
7.4583
7.4583
7.4583
7.4583
7.4583
7.4583
7.50096
7.4583
7.4583
7.4583
7.4583
7.50096
7.50096
7.50096
7.4583
7.4583
7.4583
7.4583
7.50096
7.50096
7.4583
7.50096
7.4583
7.50096
7.4583
7.4583
7.50096
7.4583
7.4583
7.50096
7.4583
7.4583
7.4583
7.4583
7.50096
7.4583
7.4583
7.50096
7.4583
7.4583
7.4583
7.4583
7.4583
7.50096
7.4583
7.4583
7.4583
7.4583
7.4583
7.4583
7.4583
7.50096
7.4583
7.50096
7.50096
7.50096
7.50096
7.4583
7.4583
7.4583
7.4583
7.4583
7.50096
7.50096
7.50096
7.50096
7.50096
7.50096
7.4583
7.50096
7.50096
7.4583
7.4583
7.4583
7.4583
7.50096
7.4583
7.4583
7.50096
7.4583
7.4583
7.4583
7.4583
7.50096
7.4583
7.4583
7.50096
7.4583
7.4583
7.50096
7.50096
7.4583
7.50096
7.4583
7.4583
7.50096
7.4583
NT: ERROR: select() to 10.6.23.2 port 1735 error 111 - Connection refused (TCPConnector.cpp:173)
7.4583
7.4583
7.4583
7.4583
7.4583
NT: ERROR: select() to 10.6.23.2 port 1735 error 111 - Connection refused (TCPConnector.cpp:173)
7.4583
7.4583
7.4583
7.4583
7.4583
NT: ERROR: select() to 10.6.23.2 port 1735 error 111 - Connection refused (TCPConnector.cpp:173)
7.50096
7.4583
7.50096
7.4583
7.4583
NT: ERROR: select() to 10.6.23.2 port 1735 error 111 - Connection refused (TCPConnector.cpp:173)
7.50096
7.4583
7.4583
7.4583
7.4583
NT: ERROR: select() to 10.6.23.2 port 1735 error 111 - Connection refused (TCPConnector.cpp:173)
7.4583
7.4583
7.4583
7.4583
7.50096
NT: ERROR: select() to 10.6.23.2 port 1735 error 111 - Connection refused (TCPConnector.cpp:173)
7.4583
7.4583
7.4583
7.4583
7.50096
NT: ERROR: select() to 10.6.23.2 port 1735 error 111 - Connection refused (TCPConnector.cpp:173)
7.4583
7.50096
7.4583
7.50096
7.4583
NT: client: CONNECTED to server 10.6.23.2 port 1735
7.4583
7.4583
7.4583
7.4583
7.4583
7.4583
7.4583
7.4583
7.4583
7.4583
7.4583
7.4583
7.4583
7.4583
7.4583
7.4583
7.4583
7.4583
7.4583
7.4583
7.50096
7.50096
7.4583
7.4583
7.4583
7.4583
7.4583
7.4583
7.4583
7.4583
7.4583
7.4583
7.4583
7.50096
7.50096
7.4583
7.4583
7.50096
7.4583
7.4583
7.50096
7.4583
7.4583
7.50096
7.50096
7.50096
7.4583
7.4583
7.4583
7.4583
7.4583
7.4583
7.4583
7.50096
7.4583
7.50096
7.4583
7.4583
7.4583
7.4583
7.43514
7.4583
7.4583
7.4583
7.4583
7.4583
7.50096
7.50096
7.50096
7.4583
7.4583
7.4583
7.4583
7.4583
7.4583
7.4583
7.50096
7.4583
7.4583
7.50096
7.50096
7.4583
7.4583
7.4583
7.4583
7.4583
7.50096
7.4583
7.4583
7.50096
7.4583
7.4583
7.4583
7.4583
7.4583
7.4583
7.4583
NT: ERROR: select() to 10.6.23.2 port 1735 error 111 - Connection refused (TCPConnector.cpp:173)
7.4583
7.50096
7.33132
7.33132
NT: ERROR: select() to 10.6.23.2 port 1735 error 111 - Connection refused (TCPConnector.cpp:173)
7.39427
7.25842
7.32464
7.58295
7.56633
NT: ERROR: select() to 10.6.23.2 port 1735 error 111 - Connection refused (TCPConnector.cpp:173)
7.4583
7.56633
7.4583
7.45375
NT: ERROR: select() to 10.6.23.2 port 1735 error 111 - Connection refused (TCPConnector.cpp:173)
7.42817
7.3175
7.42408
7.48507
NT: ERROR: select() to 10.6.23.2 port 1735 error 111 - Connection refused (TCPConnector.cpp:173)
7.44314
7.30901
7.57843
7.57843
NT: ERROR: select() to 10.6.23.2 port 1735 error 111 - Connection refused (TCPConnector.cpp:173)
7.64184
7.30901
7.2267
7.2267
NT: ERROR: select() to 10.6.23.2 port 1735 error 111 - Connection refused (TCPConnector.cpp:173)
7.49668
7.56633
7.50096
7.50096
NT: client: CONNECTED to server 10.6.23.2 port 1735
7.4583
7.50096
7.45375
7.50096
7.50096
7.50096
7.50096
7.50096
7.50096
7.50096
7.50096
7.50096
7.50096
7.50096
7.50096
7.50096
7.50096
7.4583
7.50096
7.50096
7.4583
7.4583
7.50096
7.50096
7.50096
7.50096
7.50096
7.50096
7.4583
7.50096
7.50096
7.4583
7.50096
7.50096
7.50096
7.50096
7.50096
7.50096
7.50096
7.50096
7.4583
7.50096
7.50096
7.50096
7.4583
7.50096
7.50096
7.50096
7.4583
7.50096
7.50096
7.50096
7.4583
7.50096
7.4583
7.4583
7.50096
7.4583
7.4583
7.4583
7.50096
7.50096
7.50096
7.4583
7.50096
7.4583
7.50096
7.4583
7.50096
7.50096
7.50096
7.50096
7.50096
7.50096
7.50096
7.50096
7.50096
7.50096
7.4583
7.50096
7.50096
7.50096
7.50096
7.50096
7.50096
7.50096
7.4583
7.50096
7.4583
7.50096
7.50096
7.50096
7.4583
7.50096
7.50096
7.4583
7.4583
7.4583
7.50096
7.4583
7.4583
7.50096
7.50096
7.50096
7.50096
7.50096
7.50096
7.50096
7.4583
7.50096
7.50096
7.4583
7.4583
7.50096
7.50096
7.50096
7.50096
7.50096
7.50096
7.50096
7.50096
7.50096
7.4583
7.50096
7.50096
7.4583
7.4583
7.4583
7.50096
7.50096
7.50096
7.50096
7.50096
7.50096
7.50096
7.50096
7.50096
7.50096
7.50096
7.4583
7.50096
7.50096
7.4583
7.4583
7.50096
7.50096
7.50096
7.50096
7.50096
7.50096
7.50096
7.50096
7.50096
7.50096
7.50096
7.50096
7.50096
7.50096
7.4583
7.50096
7.50096
7.50096
7.4583
7.50096
7.4583
7.4583
7.50096
7.50096
7.50096
7.50096
7.50096
7.50096
7.4583
7.50096
7.50096
7.50096
7.50096
7.50096
7.50096
7.4583
7.50096
7.50096
7.50096
7.50096
7.50096
7.50096
7.50096
7.50096
7.50096
7.50096
7.50096
7.50096
7.50096
7.50096
7.50096
7.4583
7.50096
7.4583
7.50096
7.50096
7.50096
7.50096
7.4583
7.50096
7.50096
7.50096
7.50096
7.50096
7.50096
7.50096
7.50096
7.50096
7.50096
7.50096
7.4583
7.50096
7.4583
7.4583
7.50096
7.50096
7.4583
7.50096
7.50096
7.50096
7.50096
7.50096
7.50096
7.50096
7.50096
7.4583
7.50096
7.50096
7.50096
7.50096
7.50096
7.50096
7.50096
7.50096
7.50096
7.50096
7.50096
7.50096
7.50096
7.50096
7.50096
7.50096
7.50096
7.50096
7.50096
7.50096
7.50096
7.50096
7.50096
7.50096
7.50096
7.50096
7.4583
7.4583
7.50096
7.50096
7.50096
7.50096
7.50096
7.50096
7.4583
7.4583
7.50096
7.50096
7.50096
7.50096
7.50096
7.50096
7.50096
7.50096
7.4583
7.50096
7.50096
7.50096
7.50096
7.50096
7.50096
7.4583
7.50096
7.50096
7.4583
7.50096
7.50096
7.4583
7.50096
7.50096
7.50096
7.4583
7.50096
7.4583
7.50096
7.4583
7.50096
7.50096
7.50096
7.50096
7.50096
7.50096
7.50096
7.50096
7.50096
7.50096
7.50096
7.50096
7.50096
7.50096
7.50096
7.50096
7.50096
7.4583
7.50096
7.50096
7.50096
7.50096
7.4583
7.4583
7.50096
7.4583
7.50096
7.50096
7.4583
7.50096
7.4583
7.50096
7.50096
7.50096
7.50096
7.50096
7.50096
7.50096
7.50096
7.50096
7.50096
7.50096
7.50096
7.50096
7.50096
7.50096
7.50096
7.50096
7.50096
7.50096
7.50096
7.4583
7.50096
7.50096
7.50096
7.50096
7.50096
7.50096
7.50096
7.50096
7.4583
7.50096
7.50096
7.50096
7.50096
7.50096
7.50096
7.50096
7.50096
7.50096
7.50096
7.50096
7.50096
7.4583
7.50096
7.50096
7.50096
7.50096
7.50096
7.50096
7.4583
7.50096
7.50096
7.4583
7.4583
7.50096
7.50096
7.4583
7.50096
7.50096
7.4583
7.4583
7.50096
7.50096
7.4583
7.50096
7.50096
7.4583
7.50096
7.50096
7.50096
7.50096
7.50096
7.50096
7.50096
7.50096
7.50096
7.50096
7.50096
7.4583
7.50096
7.50096
7.4583
7.50096
7.50096
7.4583
7.50096
7.50096
7.4583
7.50096
7.50096
7.50096
7.4583
7.50096
7.50096
7.4583
7.50096
7.50096
7.50096
7.50096
7.50096
7.50096
7.50096
7.50096
7.4583
7.50096
7.4583
7.50096
7.50096
7.50096
7.4583
7.50096
7.50096
7.50096
7.50096
7.50096
7.50096
7.50096
7.50096
7.4583
7.50096
7.4583
7.50096
7.50096
7.50096
7.50096
7.50096
7.50096
7.4583
7.4583
7.50096
7.50096
7.4583
7.50096
7.50096
7.50096
7.50096
7.50096
7.50096
7.50096
7.50096
7.50096
7.50096
7.50096
7.50096
7.4583
7.50096
7.50096
7.50096
7.50096
7.50096
7.50096
7.4583
7.50096
7.50096
7.4583
NT: ERROR: select() to 10.6.23.2 port 1735 error 111 - Connection refused (TCPConnector.cpp:173)
7.50096
7.4583
7.50096
7.4583
7.4583
7.50096
NT: ERROR: select() to 10.6.23.2 port 1735 error 111 - Connection refused (TCPConnector.cpp:173)
7.50096
7.50096
7.50096
7.50096
7.50096
NT: ERROR: select() to 10.6.23.2 port 1735 error 111 - Connection refused (TCPConnector.cpp:173)
7.50096
7.50096
7.4583
7.50096
7.4583
NT: ERROR: select() to 10.6.23.2 port 1735 error 111 - Connection refused (TCPConnector.cpp:173)
7.4583
7.50096
7.50096
7.50096
7.50096
NT: ERROR: select() to 10.6.23.2 port 1735 error 111 - Connection refused (TCPConnector.cpp:173)
7.50096
7.50096
7.50096
7.4583
7.50096
NT: ERROR: select() to 10.6.23.2 port 1735 error 111 - Connection refused (TCPConnector.cpp:173)
7.4583
7.50096
7.50096
7.50096
7.50096
NT: ERROR: select() to 10.6.23.2 port 1735 error 111 - Connection refused (TCPConnector.cpp:173)
7.4583
7.50096
7.4583
7.50096
7.4583
NT: client: CONNECTED to server 10.6.23.2 port 1735
7.50096
7.50096
7.50096
7.50096
7.50096
7.50096
7.50096
7.50096
7.4583
7.4583
7.4583
7.4583
7.50096
7.50096
7.50096
7.50096
7.50096
7.50096
7.4583
7.50096
7.50096
7.50096
7.50096
7.50096
7.4583
7.4583
7.50096
7.50096
7.50096
7.50096
7.4583
7.50096
7.4583
7.4583
7.50096
7.50096
7.50096
7.50096
7.50096
7.50096
7.50096
7.50096
7.4583
7.50096
7.4583
7.4583
7.4583
7.50096
7.50096
7.50096
7.50096
7.50096
7.50096
7.50096
7.50096
7.50096
7.50096
7.4583
7.50096
7.50096
7.4583
7.50096
7.50096
7.4583
7.4583
7.50096
7.50096
7.4583
7.50096
7.50096
7.50096
7.50096
7.4583
7.50096
7.50096
7.50096
7.4583
7.50096
7.4583
7.50096
7.50096
7.50096
7.50096
7.50096
7.50096
7.50096
7.50096
7.50096
7.50096
7.4583
NT: ERROR: select() to 10.6.23.2 port 1735 error 111 - Connection refused (TCPConnector.cpp:173)
7.50096
7.50096
7.50096
7.50096
NT: ERROR: select() to 10.6.23.2 port 1735 error 111 - Connection refused (TCPConnector.cpp:173)
7.50096
7.50096
7.50096
7.50096
NT: ERROR: select() to 10.6.23.2 port 1735 error 111 - Connection refused (TCPConnector.cpp:173)
7.50096
7.50096
7.50096
7.50096
7.50096
NT: ERROR: select() to 10.6.23.2 port 1735 error 111 - Connection refused (TCPConnector.cpp:173)
7.50096
7.50096
7.4583
7.50096
NT: ERROR: select() to 10.6.23.2 port 1735 error 111 - Connection refused (TCPConnector.cpp:173)
7.4583
7.50096
7.50096
7.50096
NT: ERROR: select() to 10.6.23.2 port 1735 error 111 - Connection refused (TCPConnector.cpp:173)
7.50096
7.50096
7.4583
7.50096
NT: ERROR: select() to 10.6.23.2 port 1735 error 111 - Connection refused (TCPConnector.cpp:173)
7.4583
7.50096
7.50096
7.50096
NT: client: CONNECTED to server 10.6.23.2 port 1735
7.50096
7.50096
7.50096
7.50096
7.4583
7.50096
7.4583
7.50096
7.50096
7.50096
7.4583
7.4583
7.4583
7.50096
7.4583
7.50096
7.50096
7.4583
7.50096
7.50096
7.50096
7.50096
7.50096
7.50096
7.4583
7.50096
7.50096
7.50096
7.4583
7.50096
7.50096
7.50096
7.50096
7.4583
7.4583
7.50096
7.50096
7.50096
7.50096
7.50096
7.50096
7.4583
7.50096
7.50096
7.50096
7.50096
7.4583
7.4583
7.4583
7.50096
7.4583
7.50096
7.50096
7.50096
7.4583
7.50096
7.4583
7.4583
7.50096
7.50096
7.50096
7.50096
7.50096
7.50096
7.4583
7.50096
7.50096
7.50096
7.50096
7.50096
7.50096
7.50096
7.50096
7.50096
7.4583
7.50096
7.50096
7.50096
7.50096
7.50096
7.50096
7.50096
7.4583
7.50096
7.50096
7.50096
7.50096
7.50096
7.4583
7.50096
7.50096
7.50096
7.50096
7.50096
7.50096
7.50096
7.50096
7.50096
7.50096
7.50096
7.50096
7.50096
7.49224
7.49224
7.49224
7.49224
7.49224
7.49224
7.50096
7.50096
7.49224
7.49224
7.49224
7.49224
7.49224
7.49224
7.49224
7.49224
7.49224
7.49999
7.55469
7.31133
10.1167
10.7309
10.888
11.4786
11.6358
12.0556
12.4687
12.5376
12.9573
13.0342
13.2813
13.3577
13.4417
13.4417
13.3577
13.4417
13.4417
13.4417
13.4417
13.4417
13.4417
13.3577
13.3577
13.4422
13.4417
13.4417
13.4417
13.4417
13.4417
13.4422
13.4422
13.4422
13.4422
13.4417
13.4417
13.4417
13.4417
13.4417
13.4417
13.4422
13.4417
13.4417
13.4417
13.4417
13.4417
13.4417
13.4417
13.4417
13.4417
13.4417
13.4417
13.4417
13.4417
13.4417
13.4417
13.4417
13.4417
13.4422
13.4417
13.4417
13.4417
13.4417
13.4417
13.4417
13.4417
13.4417
13.4422
13.4417
13.4417
13.4417
13.4417
13.4417
13.4417
13.4417
13.4417
13.4417
13.4417
13.4417
13.4417
13.4417
13.4417
13.4417
13.4417
13.4417
13.4417
13.4417
13.4417
13.4417
13.4417
13.4417
13.4417
13.4417
13.4417
13.4417
13.4417
13.4417
13.4417
13.4417
13.4417
13.4417
13.4417
13.4417
13.4417
13.4417
13.4417
13.4417
13.4417
13.4417
13.4417
13.4417
13.4417
13.4417
13.4417
13.4417
13.4417
13.4417
13.4417
13.4417
13.4417
13.4417
13.4417
13.4417
13.4417
13.4417
13.4417
13.4417
13.4417
13.4417
13.4417
13.4417
13.4417
13.4417
13.4417
13.4417
13.4417
13.4417
13.4417
13.4417
13.4417
13.4417
13.4417
13.4417
13.4422
13.4422
13.4422
13.4422
13.3644
13.3651
13.3648
13.2873
13.2872
12.9478
12.9557
12.7937
12.4592
12.2973
12.0478
11.9711
11.4687
11.3913
10.975
10.8097
10.7374
10.1305
10.0212
9.86934
9.49301
9.32666
8.98291
8.81678
8.6492
8.5357
8.4938
8.44265
8.45345
8.45345
8.45345
8.45345
8.45345
8.45345
8.45345
8.45345
8.45345
8.45345
8.45345
8.45345
8.45345
8.45345
8.45345
8.39941
8.452
8.46814
8.51824
8.52924
NT: ERROR: select() to 10.6.23.2 port 1735 error 111 - Connection refused (TCPConnector.cpp:173)
8.46814
8.46814
8.45345
8.46814
8.46814
8.45801
NT: ERROR: select() to 10.6.23.2 port 1735 error 111 - Connection refused (TCPConnector.cpp:173)
8.45801
8.46814
8.46814
8.51824
8.46377
NT: ERROR: select() to 10.6.23.2 port 1735 error 111 - Connection refused (TCPConnector.cpp:173)
8.46814
8.46814
8.45801
8.46814
8.46814
NT: ERROR: select() to 10.6.23.2 port 1735 error 111 - Connection refused (TCPConnector.cpp:173)
8.45801
8.46814
8.46814
8.52924
8.53321
NT: ERROR: select() to 10.6.23.2 port 1735 error 111 - Connection refused (TCPConnector.cpp:173)
8.46814
8.46814
8.46814
8.46814
8.46814
NT: ERROR: select() to 10.6.23.2 port 1735 error 111 - Connection refused (TCPConnector.cpp:173)
8.45345
8.45801
8.46814
8.46377
8.46814
NT: ERROR: select() to 10.6.23.2 port 1735 error 111 - Connection refused (TCPConnector.cpp:173)
8.46814
8.46814
8.46814
8.46814
8.46814
NT: ERROR: select() to 10.6.23.2 port 1735 error 111 - Connection refused (TCPConnector.cpp:173)
8.46814
8.46814
8.46814
8.46814
8.46814
NT: ERROR: select() to 10.6.23.2 port 1735 error 111 - Connection refused (TCPConnector.cpp:173)
8.46814
8.46814
8.46814
8.46814
NT: ERROR: select() to 10.6.23.2 port 1735 error 111 - Connection refused (TCPConnector.cpp:173)
8.46814
8.46814
8.46814
8.46814
8.46814
NT: ERROR: select() to 10.6.23.2 port 1735 error 111 - Connection refused (TCPConnector.cpp:173)
8.46814
8.46814
8.46814
8.46814
NT: ERROR: select() to 10.6.23.2 port 1735 error 111 - Connection refused (TCPConnector.cpp:173)
8.46814
8.46814
8.46814
8.46814
NT: ERROR: select() to 10.6.23.2 port 1735 error 111 - Connection refused (TCPConnector.cpp:173)
8.46814
8.46814
8.46814
8.46814
8.46814NT: ERROR: select() to 10.6.23.2 port 1735 error 111 - Connection refused (TCPConnector.cpp:173)

8.45801
8.46814
8.46814
8.46814
NT: client: CONNECTED to server 10.6.23.2 port 1735
8.46814
8.46814
8.46814
8.46814
8.46814
8.46814
8.46814
8.46814
8.46814
8.46814
8.46814
8.46814
8.46377
8.46814
8.46814
8.46814
8.46814
8.46814
8.46814
8.46377
8.46814
8.46814
8.46814
8.46814
8.46814
8.46814
8.46814
8.46814
8.46814
8.46814
8.46814
8.46814
8.46377
8.46814
8.46814
8.46814
8.46814
8.46814
8.46814
8.46814
8.46814
8.46814
8.46814
8.46814
8.46814
8.46814
8.46814
8.46814
8.46814
8.46814
8.46814
8.46814
8.46814
8.46814
8.46814
8.46814
8.46814
8.46814
8.46814
8.46814
8.46814
8.46814
8.46814
8.46814
8.46814
8.46814
8.46814
8.46814
8.46814
8.46814
8.46814
8.46814
8.46814
8.46814
8.46814
8.46814
8.46814
8.46814
8.46814
8.46814
8.46814
8.46814
8.46814
8.46814
8.46814
8.46814
8.46814
8.46814
8.46377
8.46814
8.46814
8.46814
8.46814
8.46814
8.46814
8.46814
8.46814
8.45801
8.46814
8.46814
8.46814
8.46814
8.46814
8.46814
8.46814
8.46814
8.46814
8.46814
8.46814
8.46814
8.46814
8.46814
8.46814
8.46814
8.46814
8.46814
8.46814
8.46814
8.46814
8.46814
8.30028
8.46814
8.46814
8.46814
8.46814
8.54521
9.34425
7.5193
8.04292
8.42158
8.17896
8.19429
8.01179
7.6831
7.43133
7.65374
7.61521
7.61521
7.61521
7.61521
7.61521
7.42273
7.40444
6.42719
7.58245
7.43306
7.24308
7.34876
7.22692
7.48486
7.54753
7.54753
7.43306
7.42135
7.54753
7.54753
7.48486
7.22692
7.26631
7.54753
NT: ERROR: select() to 10.6.23.2 port 1735 error 111 - Connection refused (TCPConnector.cpp:173)
7.48486
7.55105
7.54753
7.48486
NT: ERROR: select() to 10.6.23.2 port 1735 error 111 - Connection refused (TCPConnector.cpp:173)
7.48486
7.54753
7.22692
7.54753
NT: ERROR: select() to 10.6.23.2 port 1735 error 111 - Connection refused (TCPConnector.cpp:173)
7.54753
7.54753
7.48486
7.48486
7.48486
NT: ERROR: select() to 10.6.23.2 port 1735 error 111 - Connection refused (TCPConnector.cpp:173)
7.54753
7.54753
7.54753
7.54753
NT: ERROR: select() to 10.6.23.2 port 1735 error 111 - Connection refused (TCPConnector.cpp:173)
7.54753
7.54753
7.54753
7.54753
7.54753
NT: ERROR: select() to 10.6.23.2 port 1735 error 111 - Connection refused (TCPConnector.cpp:173)
7.54753
7.54753
7.54753
7.54753
7.54753
NT: ERROR: select() to 10.6.23.2 port 1735 error 111 - Connection refused (TCPConnector.cpp:173)
7.54753
7.54753
7.54753
7.54753
7.54753
NT: client: CONNECTED to server 10.6.23.2 port 1735
7.54753
7.54753
7.54753
7.54753
7.54753
7.54753
7.54753
7.97043
7.54753
7.54753
7.54753
7.54753
7.54753
7.54753
7.54753
7.54753
7.54753
7.54753
7.54753
7.54753
7.54753
7.54753
7.54753
7.54753
7.54753
7.54753
7.54753
7.54753
7.54753
7.54753
7.54753
7.54753
7.54753
7.54753
7.54753
7.54753
7.54753
7.54753
7.54753
7.54753
7.54753
7.54753
7.54753
7.54753
7.54753
7.54753
7.54753
7.54753
7.54753
7.54753
7.54753
7.54753
7.54753
7.54753
7.54753
7.54753
7.54753
7.54753
7.54753
7.54753
7.54753
7.54753
7.48486
7.50039
7.44251
7.18494
6.64316
6.67234
6.31687
6.60836
7.28195
6.74335
6.0249
5.61647
6.11969
6.44682
6.61098
6.7192
6.7679
7.09742
7.77856
8.11444
8.23221
8.17896
8.30533
8.29517
8.16877
8.24163
8.29517
8.23221
8.24163
8.29517
8.29517
8.24163
8.23221
8.29517
8.24163
8.23221
9.63577
11.7103
12.1713
10.1976
9.29685
8.53811
8.51137
8.07558
7.969
7.38132
4.71163
3.59109
3.17839
3.17054
2.69339
2.56708
2.56708
2.38609
2.87445
2.92268
2.84561
2.92268
2.98415
3.24462
3.46506
3.64368
3.72763
3.66452
3.6529
3.6529
3.6529
3.6529
3.6529
3.6529
3.6529
3.6529
3.6529
3.6529
3.6529
3.6529
3.6529
3.84589
3.8348
3.64082
3.71048
3.69732
3.64082
3.64082
3.69732
3.69732
3.64082
3.64082
3.69732
3.70265
3.64082
3.76349
3.70265
3.69732
3.70265
3.69732
3.71048
3.6602
3.55279
3.26307
2.86325
2.41313
1.86532
1.1704
0.488174
-0.193716
-0.638669
-1.14951
-1.58825
-1.92794
-2.20378
-2.60647
-2.9934
-3.39939
-3.84835
-4.23327
-4.46106
-4.67912
-4.85902
-4.99816
-5.78763
-5.89399
-6.06637
-6.15892
-6.40003
-6.23963
-6.78914
-6.99271
-6.85315
-7.08205
-7.47224
-7.78639
-8.2722
-9.56595
-9.90351
-10.8662
-11.6137
-11.3311
-11.6006
-11.8187
-11.9209
-12.0747
-12.1795
-12.3389
-12.3822
-12.5139
-12.5857
-12.6541
-12.7444
-12.9029
-13.0122
-13.2753
-13.4871
-13.7578
-13.7747
-14.0307
-14.3979
-14.6925
-15.0997
-15.5094
-15.968
-17.0389
-17.2945
-17.4377
-17.6667
-17.8499
-17.9787
-17.9757
-18.1145
-18.1145
-18.1145
-18.1145
-18.0512
-18.0512
-18.0384
-18.0311
-18.0311
-18.0311
-18.0311
-18.0311
-18.0311
-18.0311
-18.0311
-17.9715
-17.9115
-17.7087
-17.4367
-16.1212
-15.294
-14.5533
-13.6875
-12.8698
-10.5586
-10.174
-9.37186
-8.74607
-6.65624
-5.98844
-5.25769
-4.41191
-3.22488
-2.40634
-1.43086
-0.546537
0.469367
1.49242
2.57953
3.60196
4.61681
5.62489
6.71914
7.84794
9.85664
10.8592
11.8551
12.8363
14.0565
14.7969
15.6085
16.2469
16.8197
17.2468
17.9557
18.173
18.3757
18.4268
18.4268
18.4268
18.4268
18.4268
18.4268
18.4268
18.4268
18.4268
18.4268
18.4268
18.4268
18.4268
18.4268
18.4268
18.4268
18.4268
18.4268
18.4268
18.4268
18.4268
18.4268
18.3828
17.9852
17.6684
17.3639
16.9538
16.4769
15.8359
15.2951
14.7726
14.1155
13.174
12.6263
12.0234
11.4334
10.8707
8.79272
8.19965
7.44883
6.76605
6.08927
5.36697
4.57381
3.71048
2.93829
2.07188
1.09823
-0.589136
-1.50371
-2.27983
-2.99194
-3.72191
-4.92571
-5.71358
-6.41007
-7.06181
-7.96815
-8.59984
-9.40377
-10.1147
-10.5769
-12.0874
-12.6569
-13.5343
-14.1987
-14.7939
-15.2592
-15.6589
-15.4113
-15.5064
-15.467
-15.5225
-15.467
-15.5225
-15.5225
-15.467
-15.467
-15.5225
-15.467
-15.467
-15.5225
-15.5225
-15.4828
-15.2317
-14.5956
-14.3129
-13.4156
-12.5417
-11.6729
-10.9822
-9.33327
-8.58212
-8.13655
-7.25959
-6.42833
-5.74333
-4.21737
-3.49433
-2.80291
-2.3694
-1.9067
-1.75215
-1.58207
-1.90321
-1.53797
-1.53797
-1.90321
-1.53797
-1.53797
-1.53797
-1.90321
-1.89218
-1.58567
-1.94979
-2.06703
-2.24695
-2.66573
-3.35464
-3.99005
-4.6586
-5.57976
-6.62673
-7.66817
-8.75131
-10.6613
-11.7126
-12.5389
-13.529
-14.481
-15.4923
-16.0726
-17.1488
-177.457
3.17244
-173.774
1.44596
2.25299
0.970901
0.541158
-1.67615
-2.10295
3.50446
0.479617
0.326724
-5.39183
-0.115283
-2.43625
-2.45266
-2.45266
-2.45266
-5.56482
-2.45266
-5.56482
-2.45266
-2.45266
-2.45266
-2.45266
-2.45266
-2.45266
-2.45266
-2.45266
-2.45266
-2.45266
-2.2237
-0.0754319
-6.96213
2.92613
169.483
1.68045
1.04093
3.85919
-19.3353
-18.0935
-16.0677
-15.5225
-15.4694
-14.95
-14.4536
-13.8741
-13.3749
-12.8017
-12.2841
-11.8712
-11.4219
-10.8667
-9.6091
-9.3102
-8.67137
-7.95021
-7.24784
-6.5949
-5.88313
-4.3802
-3.60225
-3.24175
-2.09212
-0.0796048
0.645074
1.4281
2.29001
3.0882
3.93047
4.61475
5.22175
5.74028
6.21423
6.47047
6.64786
6.63794
6.64786
6.71106
6.72141
6.54203
6.36476
5.90757
5.41103
4.66836
3.9339
2.41313
1.49748
0.851607
0.504978
0.137559
0.101694
0.101694
0.101694
0.101694
0.101694
0.101694
0.101694
0.101694
0.0379888
0.101694
0.101694
0.101694
0.101694
0.101694
0.101694
0.101694
0.101694
0.101694
0.101694
0.101694
0.101694
0.101694
0.151065
0.140063
0.160887
-0.229193
-1.2571
-1.09835
-1.29083
-1.11705
-0.647698
-0.446227
-0.383229
-1.74668
-2.04993
-1.79244
-1.87057
-0.128108
0.742566
0.746818
0.429447
-0.0509885
-0.774382
-1.01628
-1.31676
-0.929267
-0.879665
-1.11983
-1.05524
-1.2011
-0.879665
-0.879665
-0.879665
-0.879665
-0.894093
-0.879665
-0.879665
-0.879665
-0.879665
-0.879665
-0.879665
-1.2011
-1.16137
-0.588999
-0.701165
-0.0911526
0.142058
-0.200911
-0.0770641
-0.190625
-0.190625
-0.190625
-0.180748
0.142058
-0.190625
-0.190625
-0.180748
-0.190625
-0.180748
-0.180748
-0.190625
0.142058
-0.180748
-0.190625
0.142058
-0.180748
-0.190625
-0.180748
-0.190625
-0.180748
-0.180748
-0.190625
-0.180748
-0.180748
-0.190625
-0.180748
-0.180748
-0.190625
-0.180748
-0.180748
-0.190625
-0.180748
-0.180748
-0.190625
-0.180748
-0.180748
-0.190625
-0.180748
-0.180748
-0.180748
-0.180748
-0.190625
-0.180748
-0.180748
-0.180748
-0.190625
-0.180748
-0.180748
-0.180748
-0.180748
-0.180748
-0.180748
-0.180748
-0.180748
-0.180748
-0.180748
-0.180748
-0.180748
-0.180748
-0.180748
-0.180748
-0.180748
-0.180748
-0.180748
-0.180748
-0.190625
-0.180748
-0.180748
-0.180748
-0.180748
-0.180748
-0.180748
-0.180748
-0.180748
-0.180748
-0.180748
-0.180748
-0.180748
-0.190625
-0.180748
-0.180748
-0.180748
-0.180748
-0.180748
-0.180748
-0.190625
-0.180748
-0.180748
-0.180748
-0.180748
-0.180748
-0.180748
-0.180748
-0.180748
-0.180748
-0.180748
-0.180748
-0.180748
-0.180748
-0.180748
-0.180748
-0.180748
-0.180748
-0.180748
-0.180748
-0.180748
-0.180748
-0.180748
-0.180748
-0.180748
-0.180748
-0.180748
-0.180748
-0.180748
-0.180748
-0.180748
-0.190625
-0.180748
-0.180748
-0.180748
-0.180748
-0.180748
-0.190625
-0.180748
-0.190625
-0.180748
-0.180748
-0.180748
-0.180748
-0.180748
-0.180748
-0.180748
-0.180748
-0.180748
-0.180748
-0.180748
-0.180748
-0.180748
-0.190625
-0.180748
-0.180748
-0.180748
-0.190625
-0.180748
-0.180748
-0.180748
-0.180748
-0.180748
-0.180748
-0.180748
-0.180748
-0.180748
-0.180748
-0.180748
-0.190625
0.142058
-0.190625
-0.180748
-0.180748
-0.190625
-0.180748
-0.180748
-0.180748
-0.180748
-0.180748
-0.180748
-0.180748
-0.254667
-0.360844
-0.531025
-1.04131
-1.37099
-1.776
-1.84343
-2.19133
-2.442
-2.80699
-2.94957
-3.08317
-3.25241
-3.28783
-3.47004
-3.65295
-3.68902
-3.85788
-3.96317
-4.19529
-4.36382
-4.91163
-5.12776
-5.41519
-6.20782
-6.47963
-6.44681
-6.67563
-6.82728
-7.11746
-7.21848
-7.39862
-7.54986
-7.76413
-7.99006
-8.14003
-8.31988
-8.53044
-8.5653
-8.64581
-8.84406
-8.8886
-9.17178
-9.33534
-9.48473
-9.70814
-9.99112
-10.1958
-10.4181
-10.617
-10.4144
-10.7116
-10.8558
-11.0172
-11.1473
-11.4085
-11.6577
-11.8484
-12.0675
-12.2268
-12.4411
-12.5864
-12.7584
-13.12
-14.3568
-17.0418
-19.9222
5.29014
3.15312
5.52677
3.04017
2.90887
1.36212
2.40788
2.18557
2.08109
1.69926
1.54049
35.0199
35.2056
0.649028
-179.468
0.649028
-179.468
-179.468
0.623229
0.623229
-179.468
0.701931
-3.09233
14.0862
35.5261
2.18955
-1.11026
4.69336
34.6239
-13.6969
-13.0693
-12.4999
-11.891
-11.2815
-10.693
-10.2254
-9.55835
-9.3509
-9.06799
-8.91532
-8.75126
-8.7381
-8.79845
-8.79845
-8.75126
-8.79845
-8.7381
-8.7381
-8.75126
-8.7381
-8.75126
-8.81612
-8.76513
-8.52644
-8.24877
-7.90688
-7.58871
-7.27032
-6.83283
-6.49999
-5.81571
-5.3847
-4.3042
-3.81217
-3.30522
-2.67411
-2.1954
-0.879665
-0.651495
0.0951646
0.769983
1.39658
2.65389
3.2282
3.67027
4.01076
4.30818
4.35104
4.35104
4.35104
4.35104
4.35104
4.41467
4.41467
4.35104
4.35104
4.35104
4.35104
4.34308
4.58219
4.90384
5.71802
7.69197
8.85769
10.0322
11.3157
12.346
13.7641
14.6696
15.4152
16.1158
16.5885
16.9093
16.9093
16.7382
16.7455
16.7455
16.7455
16.7455
16.7455
16.7455
16.7455
16.7455
16.7455
16.7455
16.7118
16.5957
16.4312
16.3337
16.2684
16.3418
16.281
16.2684
16.3287
16.2684
16.2684
16.3287
16.2684
16.281
16.281
16.281
16.281
16.281
16.2736
16.3176
16.8072
17.3806
18.1609
19.16
20.448
21.404
22.0315
22.7815
22.0438
21.8103
21.4248
21.141
21.0985
21.2409
21.1912
21.141
21.1912
21.1912
21.1912
21.1912
21.1912
21.2409
21.2409
21.2409
21.2409
21.2409
21.2409
21.2409
21.2409
21.2409
21.2409
21.2409
21.2409
21.2409
21.2409
21.2409
21.2409
21.2409
21.2409
21.2409
21.2409
21.2409
21.2409
21.2409
21.1882
21.1882
21.1175
21.1175
21.1175
21.525
21.4474
21.525
21.4479
21.4479
21.4479
21.4474
21.4474
21.4474
21.525
21.4479
21.525
21.5256
21.525
21.5256
21.525
21.525
21.525
21.525
21.525
21.4493
21.0723
21.0361
20.938
20.7693
20.4763
20.0196
19.6199
19.1112
18.3548
17.7881
17.2671
16.6412
16.0774
15.5967
14.9486
14.2965
13.6365
13.0336
12.6035
12.0472
11.6155
11.1179
10.1741
9.35752
7.22301
6.66104
6.11894
5.46754
4.98602
4.28702
3.65875
3.08485
2.52036
1.90251
1.43327
1.0389
0.697879
0.411004
0.15392
-0.180748
-0.521039
-1.04131
-1.15636
-1.7298
-2.28486
-2.97637
-3.59126
-4.15932
-4.65491
-4.96349
-5.21709
-5.47731
-5.90692
-6.42541
-6.72597
-7.05848
-7.1742
-7.10347
-7.15036
-7.15036
-7.15036
-7.1742
-7.22448
-7.50575
-7.88552
-8.42407
-8.96198
-9.61296
-10.358
-11.0401
-11.5532
-15.828
-13.5994
-12.4044
-11.1923
-10.4182
-9.17599
-7.93201
-6.89451
-6.08164
-5.09473
-4.27039
-3.53645
-2.7003
-1.86925
-0.835976
-0.200911
0.694812
1.65928
2.69847
3.60499
4.50773
5.41329
6.27008
8.78551
9.62749
10.4187
11.1906
11.9121
12.5092
13.0601
13.4474
14.087
13.8332
13.7715
13.6099
13.2788
12.921
12.3643
11.7024
10.8876
9.9411
7.86493
6.79381
5.79475
4.63431
3.56356
2.62089
1.47156
0.498091
-0.459604
-1.47569
-2.44212
-2.97506
-3.91359
-4.81852
-5.58196
-6.47963
-7.04205
-7.74857
-8.48451
-8.82777
-9.16861
-9.22953
-9.12609
-8.96237
-8.5777
-8.09698
-7.615
-6.84814
-5.96586
-5.15689
-4.09174
-2.80329
-1.51617
-0.338094
0.637725
1.8786
3.14528
4.33843
5.59136
6.76833
8.96794
9.96752
10.9611
11.8415
12.6205
13.2503
13.2617
13.1102
12.4585
11.9675
11.3693
10.6559
7.7466
6.57798
5.31859
4.13668
2.87758
1.64464
0.340494
-0.789204
-2.05235
-2.78921
-3.86664
-4.81852
-5.58196
-6.06725
-6.50911
-6.62088
-6.49999
-6.35775
-6.18162
-6.10374
-5.35434
-5.03418
-4.36681
-3.60122
-2.62797
-1.62817
-0.376762
0.837039
1.8698
3.37128
4.83898
9.12774
10.4651
11.6842
12.8288
14.1194
15.0369
15.679
16.213
16.6449
16.5297
16.389
16.1677
15.9092
15.369
14.8484
13.7321
12.8618
11.8667
10.827
8.43055
7.14748
5.71146
4.29924
2.84119
1.43981
-0.124679
-1.47569
-2.4052
-3.51354
-4.51683
-5.2469
-5.76487
-5.87387
-5.75801
-5.4184
-5.08833
-4.59686
-3.87419
-3.03904
-2.14084
-1.0061
0.185673
1.03544
2.39805
3.76335
5.19546
6.64672
8.11515
9.46139
11.0417
12.3818
13.5203
14.5401
15.3529
15.8387
15.7331
15.3734
14.8298
14.1821
13.3836
12.3804
11.15
10.038
7.34741
5.94145
4.41353
2.94295
1.3983
0.141874
-0.721486
-1.04131
-0.976729
-1.04131
-1.04131
-1.04131
-1.04131
-0.72385
-0.616531
-0.275884
0.343539
1.16464
2.37209
3.41131
5.19759
8.36936
9.94276
11.5464
13.0725
14.5923
16.1457
17.3985
19.0081
20.061
20.8768
21.8822
21.7573
21.6553
21.8886
20.9537
20.1765
19.2584
18.3244
17.0177
15.899
14.8244
13.8118
12.9953
12.0472
11.3391
10.7656
10.4344
10.3308
10.3465
10.3352
10.2577
10.3192
10.4344
10.3828
10.2577
10.373
10.373
10.3035
10.373
10.373
10.3828
10.373
10.373
10.3828
10.373
10.373
10.3828
10.373
10.373
10.3828
10.373
10.3828
10.3828
10.373
10.373
10.3828
10.373
10.373
10.3828
10.373
10.373
10.3828
10.3828
10.3828
10.3828
10.3828
10.3828
10.3828
10.3828
10.3828
10.3828
10.373
10.3828
10.3828
10.373
10.373
10.3828
10.373
10.3828
10.3828
10.3828
10.3828
10.3828
10.373
10.373
10.373
10.3828
10.3828
10.3828
10.373
10.3828
10.373
10.3828
10.3828
10.373
10.373
10.3828
10.3828
10.373
10.373
10.373
10.373
10.373
10.373
10.373
10.3828
10.373
10.373
10.373
10.373
10.373
10.373
10.373
10.373
10.373
10.373
10.373
10.373
10.373
10.373
10.373
10.3828
10.373
10.373
10.373
10.3828
10.373
10.373
10.373
10.3828
10.3828
10.3828
10.3828
10.3828
10.373
10.373
10.3828
10.373
10.3828
10.373
10.373
10.3828
10.3828
10.3192
10.373
10.4355
10.4355
10.4966
10.5124
10.5124
10.5124
10.4966
10.4966
10.4966
10.4966
10.4966
10.5124
10.1966
10.5124
10.1966
10.4355
10.3828
10.3019
10.2395
10.1954
10.3192
10.373
10.5124
10.2031
10.2975
10.8594
8.21805
7.70316
7.1286
6.65724
6.55301
6.51419
6.63328
6.63328
6.56942
6.6853
6.69678
6.63328
6.69678
6.69678
6.63328
6.63328
6.69678
6.63328
6.63328
6.63328
6.63328
6.63328
6.69678
6.63328
6.63328
6.63328
6.63328
6.63328
6.63328
6.63328
6.63328
6.63328
6.63328
6.63328
6.63328
6.63328
6.63328
6.63328
6.63328
6.63328
6.63328
6.63328
6.63328
6.63328
6.63328
6.63328
6.63328
6.63328
6.63328
6.63328
6.63328
6.63328
6.63328
6.63328
6.63328
6.63328
6.63328
6.63328
6.63328
6.63328
6.63328
6.63328
6.63328
6.63328
6.56942
6.55941
6.56942
6.64363
6.63328
6.56942
6.63328
6.63328
6.63328
6.56942
6.63328
6.63328
6.63328
6.63328
6.63328
6.63328
6.63328
6.63328
6.63328
6.63328
6.63328
6.63328
6.63328
6.63328
6.63328
6.63328
6.63328
6.63328
6.63328
6.63328
6.63328
6.63328
6.63328
6.63328
6.63328
6.63328
6.63328
6.63328
6.63328
6.63328
6.63328
6.63328
6.63328
6.63328
6.63328
6.63328
6.63328
6.63328
6.63328
6.63328
6.63328
6.63328
6.63328
6.63328
6.63328
6.63328
6.63328
6.63328
6.63328
6.63328
6.63328
6.63328
6.63328
6.63328
6.63328
6.63328
6.63328
6.63328
6.63328
6.63328
6.63328
6.63328
6.62255
6.63328
6.69678
6.56942
6.56942
6.62255
6.63328
6.56942
6.63328
6.63328
6.63328
6.63328
6.63328
6.63328
6.63328
6.63328
6.63328
6.63328
6.63328
6.63328
6.63328
6.56942
6.63328
6.63328
6.62255
6.62255
6.63328
6.63328
6.56942
6.63328
6.69678
6.63328
6.63328
6.62255
6.62255
6.63328
6.69678
6.6853
6.56942
6.56942
6.69678
6.5791
6.55301
6.62255
6.63328
6.56942
6.63328
6.63328
6.56942
6.63328
6.63328
6.56942
6.56942
6.63328
6.56942
6.56942
6.63328
6.63328
6.56942
6.63328
6.63328
6.56942
6.63328
6.63328
6.56942
6.63328
6.63328
6.56942
6.63328
6.55301
6.6853
6.6853
6.63328
6.63328
6.56942
6.55894
6.63328
6.63328
6.56942
6.56942
6.63328
6.56942
6.56942
6.63328
6.56942
6.56942
6.63328
6.56942
6.56942
6.63328
6.56942
6.56942
6.63328
6.56942
6.56942
6.63328
6.56942
6.56942
6.63328
6.63328
6.56942
6.56942
6.56942
6.56942
6.56942
6.56942
6.56942
6.56942
6.63328
6.56942
6.56942
6.56942
6.56942
6.56942
6.63328
6.56942
6.56942
6.56942
6.56942
6.56942
6.56942
6.56942
6.56942
6.56942
6.56942
6.56942
6.56942
6.63328
6.56942
6.56942
6.56942
6.56942
6.56942
6.56942
6.56942
NT: ERROR: select() to 10.6.23.2 port 1735 error 111 - Connection refused (TCPConnector.cpp:173)
6.56942
6.56942
6.56942
6.56942
6.56942
NT: ERROR: select() to 10.6.23.2 port 1735 error 111 - Connection refused (TCPConnector.cpp:173)
6.56942
6.56942
6.56942
6.56942
6.56942
NT: ERROR: select() to 10.6.23.2 port 1735 error 111 - Connection refused (TCPConnector.cpp:173)
6.56942
6.56942
6.56942
6.56942
6.56942
NT: ERROR: select() to 10.6.23.2 port 1735 error 111 - Connection refused (TCPConnector.cpp:173)
6.56942
6.56942
6.56942
6.56942
6.56942
NT: ERROR: select() to 10.6.23.2 port 1735 error 111 - Connection refused (TCPConnector.cpp:173)
6.56942
6.56942
6.56942
6.56942
6.56942
NT: ERROR: select() to 10.6.23.2 port 1735 error 111 - Connection refused (TCPConnector.cpp:173)
6.56942
6.56942
6.56942
6.56942
6.56942
NT: ERROR: select() to 10.6.23.2 port 1735 error 111 - Connection refused (TCPConnector.cpp:173)
6.56942
6.56942
6.56942
6.56942
6.56942
NT: ERROR: select() to 10.6.23.2 port 1735 error 111 - Connection refused (TCPConnector.cpp:173)
6.56942
6.56942
6.56942
6.56942
6.56942
NT: ERROR: select() to 10.6.23.2 port 1735 error 111 - Connection refused (TCPConnector.cpp:173)
6.56942
6.56942
6.56942
6.56942
NT: ERROR: select() to 10.6.23.2 port 1735 error 111 - Connection refused (TCPConnector.cpp:173)
6.56942
6.56942
6.56942
6.56942
6.56942
NT: ERROR: select() to 10.6.23.2 port 1735 error 111 - Connection refused (TCPConnector.cpp:173)
6.56942
6.56942
6.56942
6.56942
NT: ERROR: select() to 10.6.23.2 port 1735 error 111 - Connection refused (TCPConnector.cpp:173)
6.56942
6.56942
6.56942
6.56942
6.56942
NT: ERROR: select() to 10.6.23.2 port 1735 error 111 - Connection refused (TCPConnector.cpp:173)
6.56942
6.56942
6.63328
6.56942
NT: ERROR: select() to 10.6.23.2 port 1735 error 111 - Connection refused (TCPConnector.cpp:173)
6.56942
6.56942
6.63328
6.68547
NT: client: CONNECTED to server 10.6.23.2 port 1735
6.74797
6.63328
6.55301
6.62255
6.63328
6.56942
6.55301
6.56942
6.5791
6.56942
6.56942
6.5791
6.56942
6.5791
6.63328
6.56942
6.56942
6.63328
6.56942
6.56942
6.63328
6.5791
6.56942
6.56942
6.56942
6.63328
6.56942
6.56942
6.56942
6.56942
6.56942
6.56942
6.56942
6.56942
6.56942
6.56942
6.56942
6.56942
6.56942
6.56942
6.56942
6.56942
6.56942
6.56942
6.56942
6.56942
6.56942
6.56942
6.56942
6.56942
6.56942
6.56942
6.56942
6.56942
6.56942
6.56942
6.56942
6.56942
6.56942
6.56942
6.56942
6.56942
6.56942
6.56942
6.56942
6.56942
6.56942
6.56942
6.56942
6.56942
6.56942
6.56942
6.56942
6.56942
6.56942
6.56942
6.56942
6.56942
6.56942
6.56942
6.56942
6.56942
6.56942
6.56942
6.56942
6.56942
6.56942
6.56942
6.56942
6.56942
6.56942
6.56942
6.56942
6.56942
6.56942
6.56942
6.56942
6.56942
6.56942
6.56942
6.56942
6.56942
6.56942
6.56942
6.56942
6.56942
6.56942
6.56942
6.56942
6.56942
6.56942
6.56942
6.56942
6.56942
6.56942
6.56942
6.56942
6.56942
6.56942
6.56942
6.56942
6.56942
6.56942
6.56942
6.56942
6.56942
6.56942
6.56942
6.56942
6.56942
6.56942
6.56942
6.56942
6.56942
6.56942
6.56942
6.56942
6.56942
6.56942
6.56942
6.56942
6.56942
6.56942
6.56942
6.56942
6.56942
6.56942
6.56942
6.56942
6.56942
6.56942
6.56942
6.56942
6.56942
6.56942
6.56942
6.56942
6.56942
6.56942
6.56942
6.56942
6.56942
6.56942
6.56942
6.56942
6.56942
6.56942
6.56942
6.56942
6.56942
6.56942
6.56942
6.56942
6.56942
6.56942
6.56942
6.56942
6.56942
6.56942
6.56942
6.56942
6.75562
6.68932
6.62467
6.62951
6.70443
6.64119
6.56076
6.56076
6.64119
6.57044
6.62467
6.62467
6.55941
6.56076
6.62467
6.56076
6.56076
6.64119
6.56942
6.66348
7.10463
7.05229
6.99628
6.87846
6.8175
6.93611
6.99181
6.87846
6.92883
6.87317
7.1248
7.17594
7.0506
7.18809
7.18809
6.98672
7.17594
7.18809
6.98672
6.98672
7.18809
6.98672
6.98672
7.18809
7.17594
6.98672
7.18809
7.17594
6.98672
7.17594
7.17594
6.98672
7.17594
7.17594
6.98672
7.17594
7.17594
6.92245
6.92245
7.17594
7.17594
7.17594
7.17594
7.17594
6.98672
7.17594
6.92245
6.92245
7.17594
7.17594
6.98672
7.17594
7.17594
6.92245
7.17594
7.17594
6.92245
6.92245
7.17594
7.17594
7.17594
7.17594
7.17594
7.17594
7.17594
6.92245
6.92245
7.17594
6.92245
6.92245
7.17594
7.17594
7.17594
7.17594
7.17594
7.17594
7.17594
7.17594
6.92245
7.17594
6.92245
7.17594
7.17594
7.17594
6.98672
7.17594
7.17594
7.17594
7.17594
7.17594
7.17594
6.92245
7.17594
6.92245
6.92245
7.17594
6.92245
7.17594
7.17594
7.17594
7.17594
7.17594
6.92245
7.17594
7.17594
7.17594
7.17594
7.17594
6.92245
7.17594
7.17594
7.17594
7.17594
7.17594
7.17594
7.17594
7.17594
7.17594
7.17594
7.17594
7.17594
6.92245
6.98672
7.17594
7.17594
7.17594
6.92245
7.17594
6.92245
7.17594
6.92245
6.92245
7.17594
6.92245
7.17594
6.92245
7.17594
7.17594
7.17594
7.17594
7.17594
6.92245
7.17594
7.17594
7.17594
7.17594
7.17594
7.17594
7.17594
6.92245
7.17594
7.17594
6.92245
7.17594
6.92245
7.17594
7.17594
7.17594
7.17594
7.17594
7.17594
7.17594
6.92245
6.92245
7.17594
7.17594
7.17594
7.17594
7.17594
7.17594
6.92245
7.17594
7.17594
7.17594
6.92245
6.92245
6.92245
6.98672
7.17594
6.92245
7.17594
7.17594
7.17594
7.17594
7.17594
7.17594
6.92245
6.92245
7.17594
6.92245
6.98672
7.17594
7.17594
7.17594
7.17594
7.17594
6.92245
7.17594
7.17594
7.17594
7.17594
7.17594
7.17594
7.17594
6.92245
7.17594
7.17594
7.17594
6.92245
6.92245
6.92245
7.17594
7.17594
7.17594
7.17594
7.17594
7.17594
7.17594
7.17594
7.17594
7.17594
6.92245
7.17594
7.17594
7.17594
7.17594
7.17594
7.17594
7.17594
6.92245
6.92245
7.17594
7.17594
7.17594
7.17594
6.92245
6.92245
7.17594
7.17594
7.17594
7.17594
6.92245
7.17594
6.92245
7.17594
6.92245
7.17594
7.17594
6.92245
7.17594
7.17594
6.92245
6.92245
7.17594
7.17594
7.17594
6.92245
7.17594
7.17594
6.92245
7.17594
6.92245
6.92245
7.17594
7.17594
7.17594
6.92245
7.17594
6.92245
7.17594
7.17594
7.17594
6.92245
7.17594
7.17594
6.92245
7.17594
7.17594
7.17594
7.17594
6.92245
6.92245
7.17594
7.17594
6.92245
7.17594
7.17594
7.17594
6.92245
7.17594
7.17594
6.92245
7.17594
7.17594
7.17594
7.17594
7.17594
6.92245
7.17594
7.17594
7.17594
7.17594
6.98672
6.92245
7.17594
7.17594
6.92245
7.17594
7.17594
7.17594
7.17594
7.17594
7.17594
6.92245
7.17594
7.17594
7.17594
7.17594
7.17594
7.17594
7.17594
7.17594
7.17594
7.17594
6.92245
6.92245
6.92245
7.17594
7.17594
6.92245
7.17594
6.92245
7.17594
7.17594
7.17594
7.17594
7.17594
7.17594
7.17594
7.17594
6.92245
7.17594
6.92245
7.17594
6.92245
7.17594
6.92245
6.92245
7.17594
6.92245
7.17594
7.17594
6.92245
6.92245
6.92245
6.92245
6.92245
6.92245
7.17594
7.17594
7.17594
7.17594
7.17594
7.17594
7.17594
6.92245
6.98672
7.17594
7.17594
6.92245
6.92245
6.92245
7.17594
6.92245
6.92245
7.17594
7.17594
7.17594
7.17594
7.17594
7.17594
7.17594
7.17594
7.17594
7.17594
7.17594
6.92245
6.92245
7.17594
6.92245
7.17594
7.17594
7.17594
7.17594
7.17594
7.17594
6.92245
7.17594
7.17594
7.17594
7.17594
7.17594
7.17594
7.17594
7.17594
7.17594
6.92245
7.17594
7.17594
7.17594
7.17594
7.17594
6.92245
7.17594
7.17594
6.92245
7.17594
7.17594
7.17594
7.17594
7.17594
7.17594
7.17594
6.92245
6.92245
7.17594
7.17594
7.17594
6.92245
7.17594
6.92245
6.92245
7.17594
7.17594
7.17594
6.92245
7.17594
7.17594
7.17594
7.17594
7.17594
7.17594
7.17594
7.17594
6.92245
7.17594
6.92245
7.17594
7.17594
7.17594
7.17594
7.17594
6.92245
6.92245
7.17594
7.17594
7.17594
7.17594
6.92245
6.92245
6.92245
7.17594
7.17594
7.17594
7.17594
7.17594
7.17594
7.17594
7.17594
7.17594
7.17594
7.17594
7.17594
7.17594
7.17594
7.17594
6.98672
7.17594
7.17594
7.17594
7.17594
6.92245
7.17594
7.17594
6.92245
6.92245
7.17594
7.17594
7.17594
7.17594
6.92245
7.17594
7.17594
7.17594
7.17594
7.17594
6.92245
7.17594
7.17594
7.17594
6.90577
6.21833
6.84015
7.3793
6.90517
6.92144
6.60305
5.82044
6.3931
4.06687
-26.625
7.36039
7.17594
7.17594
7.17594
7.17594
7.17594
7.17594
7.17594
6.92245
7.17594
7.17594
7.17594
7.17594
7.17594
7.17594
7.17594
6.92245
6.92245
7.17594
7.17594
7.17594
7.17594
6.92245
7.17594
6.92245
7.17594
7.17594
7.17594
7.17594
7.17594
7.17594
6.92245
7.17594
7.17594
6.92245
7.17594
7.17594
7.17594
7.17594
7.17594
7.17594
7.17594
7.17594
6.92245
7.17594
6.92245
7.17594
7.17594
7.17594
7.17594
6.92245
6.92245
7.17594
7.17594
6.92245
6.92245
7.17594
7.17594
6.92245
7.17594
6.92245
7.17594
7.17594
6.98672
6.92245
6.92245
7.17594
7.2331
7.10094
7.48032
7.54344
7.54344
7.48032
7.16414
7.29202
7.29507
7.2331
7.17119
7.17594
7.17594
7.17594
7.17594
7.17594
7.17594
7.17594
6.92245
7.17594
7.17594
7.17594
6.98672
7.17594
6.92245
6.92245
7.17594
7.17594
6.92245
7.17594
7.17594
7.17594
7.17594
6.92245
7.17594
7.17594
6.92245
7.17594
7.17594
7.17594
6.92245
6.98672
7.17594
7.17594
6.92245
6.98672
6.92245
7.17594
6.92245
6.92245
6.92245
6.92245
6.92245
6.98672
7.17594
7.17594
7.17594
7.17594
7.17594
7.17594
7.17594
6.92245
7.17594
6.92245
6.92245
7.17594
6.92245
7.17594
7.17594
6.92245
7.17594
7.17594
7.17594
6.92245
7.17594
7.17594
7.17594
7.17594
7.17594
7.17594
7.17594
6.92245
7.17594
7.17594
6.92245
6.92245
7.17594
7.17594
7.17594
7.17594
7.17594
7.17594
6.92245
6.92245
6.92245
6.92245
7.17594
7.17594
7.17594
7.17594
7.17594
6.92245
7.17594
6.92245
7.17594
7.17594
7.17594
7.17594
7.17594
6.92245
7.17594
6.92245
6.92245
7.17594
7.17594
6.92245
7.17594
7.17594
7.17594
7.17594
7.17594
7.17594
7.17594
6.92245
6.92245
7.17594
6.92245
7.17594
7.17594
6.92245
7.17594
6.92245
7.17594
7.17594
6.92245
6.92245
7.17594
7.17594
7.17594
7.17594
7.17594
6.92245
7.17594
6.92245
7.17594
6.98672
7.17594
6.92245
7.17594
7.17594
6.92245
7.17594
6.92245
6.92245
7.17594
7.04505
6.98672
7.18809
6.98672
7.18809
7.17594
6.98672
7.18809
7.18809
6.98672
7.17594
7.18809
6.92245
7.17594
7.18809
6.92245
7.17594
7.17594
7.17594
6.92245
7.17594
7.17594
6.92245
7.17594
7.17594
7.17594
7.17594
7.17594
6.92245
7.17594
7.0471
7.00247
7.12387
6.98672
7.06281
7.12387
6.99628
7.06281
7.06281
6.99628
7.12387
7.12387
6.93136
7.12387
7.12387
7.18809
7.12387
7.12387
7.18809
7.12387
7.12387
7.18809
7.12387
7.12387
7.18809
7.12387
7.12387
7.18809
7.12387
7.12387
7.18809
7.12387
7.12387
7.18809
6.87822
7.12387
7.18809
7.12387
7.12387
7.12387
7.12387
6.87822
7.12387
7.12387
7.12387
7.18809
7.12387
7.12387
7.12387
7.12387
7.12387
7.18809
7.12387
7.12387
7.18809
7.12387
7.12387
7.18809
7.12387
7.12387
7.12387
7.12387
7.18809
7.12387
7.12387
7.12387
7.12387
7.12387
7.12387
7.12387
7.12387
7.12387
7.12387
7.12387
7.12387
7.12387
7.12387
7.12387
7.12387
7.12387
7.12387
7.12387
7.12387
7.12387
7.12387
7.12387
7.12387
7.12387
7.12387
7.12387
7.12387
7.12387
7.12387
7.12387
7.12387
7.12387
7.18809
7.12387
7.12387
7.12387
7.12387
7.12387
7.12387
7.12387
7.12387
7.18809
7.12387
7.12387
6.87822
7.12387
7.12387
7.12387
7.12387
7.12387
7.12387
7.12387
7.12387
7.12387
7.12387
7.12387
7.18809
7.12387
7.12387
7.12387
7.12387
7.12387
7.18809
7.12387
7.12387
7.18809
7.12387
7.12387
7.12387
7.12387
7.12387
7.12387
7.12387
7.12387
7.12387
7.12387
7.12387
7.12387
7.12387
7.12387
7.12387
7.18809
7.12387
7.18809
7.12387
7.12387
7.12387
7.12387
7.18809
7.12387
7.12387
7.18809
7.12387
7.12387
7.18809
7.18809
7.12387
7.12387
7.12387
7.18809
7.12387
7.12387
7.12387
7.12387
7.12387
7.12387
7.12387
7.12387
7.12387
6.80821
6.80821
6.7722
6.7722
6.7539
7.00741
6.99468
6.99468
6.99468
6.99468
6.99468
6.99468
6.99468
6.99468
6.99468
6.99468
6.99468
6.99468
6.99468
6.99468
6.99468
6.99468
6.99468
6.99468
6.99468
6.99468
6.99468
6.99468
6.80821
7.1598
5.47736
7.11566
7.33993
5.66162
6.68877
6.1519
5.85765
-2.95852
2.60351
0.55958
-1.35618
-2.55739
-4.0568
-5.88555
-7.00104
-8.58129
-10.1699
-11.3986
-12.9255
-13.9993
-14.3777
-14.501
-14.1314
-13.7528
-13.6468
-13.6311
-13.9917
-14.4823
-16.7834
-19.5359
-19.7356
1.90249
1.90249
23.376
23.4494
23.4494
23.4494
23.4494
5.10051
5.10051
5.10051
5.10051
23.3761
23.4494
16.997
16.3119
23.4494
23.3761
23.4494
23.3026
23.4494
23.3761
23.4494
23.4494
23.376
23.4494
23.4494
1.90249
-20.4119
-19.6599
-19.6569
-19.6569
-19.6569
-19.6569
-19.6569
-19.6569
-19.6569
-19.6569
-19.6569
-19.6569
-19.6569
-19.6569
-19.6569
-19.6569
-19.6569
-19.6569
-19.6569
-19.6569
-19.6569
-19.6569
-19.6569
-19.6569
-19.6569
-19.6569
-19.6569
-19.6569
-19.6569
-19.6569
-19.6569
-19.6569
-19.6569
-19.6569
-19.6569
-19.6569
-19.6569
-19.6569
-19.6569
-19.6569
-19.6569
-19.6569
-19.6569
-19.6569
-19.6569
-19.6569
-19.6569
-19.6569
-19.6569
-19.6569
-19.6569
-19.6569
-19.6569
-19.6569
-19.6569
-19.6569
-19.6569
-19.6569
-19.6569
-19.6569
-19.6569
-19.6569
-19.6569
-19.6569
-19.6569
-19.6569
-19.6569
-19.6569
-19.6569
-19.6569
-19.6569
-19.6569
-19.6569
-19.6569
-19.6569
-19.6569
-19.6569
-19.6569
-19.6569
-19.6569
-19.6569
-19.6569
-19.6569
-19.6569
-19.6569
-19.6569
-19.6569
-19.6569
-19.6569
-19.6569
-19.6569
-19.6569
-19.6569
-19.6569
-19.6569
-19.6569
-19.6569
-19.6569
-19.6569
-19.6569
-19.6569
-19.6569
-19.6569
-19.6569
-19.6569
-19.6569
-19.6569
-19.6569
-19.6569
-19.6569
-19.6569
-19.6569
-19.6569
-19.5807
23.4494
23.4494
23.4494
23.3761
23.3761
5.10051
1.85611
23.4494
23.3761
5.81158
23.3761
23.4494
23.3761
-19.6588
-19.6569
-19.6569
-19.6569
-19.6569
-19.6569
0.101647
177.162
-0.557442
0.757125
-6.40198
-5.82503
-5.82503
-7.01652
-2.00101
-5.98508
-2.70502
-3.69556
-3.35764
-3.6853
-3.70004
-3.69556
-6.40316
-2.9977
-2.04315
4.26554
-14.1126
-4.53158
0.994287
2.94794
4.02031
3.90075
3.48595
3.20388
2.71016
1.95336
0.098081
-0.157716
-0.833121
-1.28145
-1.6981
-1.82211
-1.761
-1.74367
-1.74367
-1.68456
-1.74846
-1.68456
-1.74367
-1.74367
-1.68456
-1.74367
-1.74367
-1.74367
-1.74367
-1.74367
-1.74367
-1.74367
-1.74367
-1.74846
-1.74846
-1.74367
-1.74367
-1.74367
-1.74367
-1.74367
-1.74367
-1.74367
-1.74367
-1.74367
-1.74367
-1.74367
-1.74367
-1.74367
-1.74367
-1.74367
-1.74367
-1.74367
-1.74367
-1.74367
-1.74367
-1.74367
-1.74367
-1.74367
-1.74367
-1.74367
-1.74367
-1.74367
-1.74367
-1.74367
-1.74367
-1.74367
-1.74367
-1.74367
-1.74367
-1.74367
-1.74367
-1.74367
-1.74367
-1.74367
-1.74367
-1.74367
-1.74367
-1.74367
-1.74367
-1.74367
-1.74367
-1.74367
-1.74367
-1.74367
-1.74367
-1.74367
-1.74367
-1.74367
-1.74367
-1.74367
-1.74367
-1.74367
-1.74367
-1.74367
-1.74367
-1.74367
-1.74367
-1.74367
-1.74367
-1.74367
-1.74367
-1.74367
-1.74367
-1.74367
-1.74367
-1.74367
-1.74367
-1.74367
-1.74367
-1.74367
-1.74367
-1.74367
-1.74367
-1.74367
-1.74367
-1.74367
-1.74367
-1.74367
-1.74367
-1.74367
-1.74367
-1.74367
-1.74367
-1.74367
-1.74367
-1.74367
-1.74367
-1.74367
-1.74367
-1.74367
-1.74367
-1.74367
-1.74367
-1.74367
-1.74367
-1.74367
-1.74367
-1.74367
-1.74367
-1.74367
-1.74367
-1.74367
-1.74367
-1.74367
-1.74367
-1.74367
-1.74367
-1.74367
-1.74367
-1.74367
-1.74367
-1.74367
-1.74367
-1.74367
-1.74367
-1.74367
-1.74367
-1.74367
-1.74367
-1.74367
-1.74367
-1.74367
-1.74367
-1.74367
-1.74367
-1.74367
-1.74367
-1.74367
-1.74367
-1.74367
-1.74367
-1.74367
-1.74367
-1.74367
-1.74367
-1.74367
-1.74367
-1.74367
-1.74367
-1.74367
-1.74367
-1.74367
-1.74367
-1.74367
-1.74367
-1.74367
-1.74367
-1.74367
-1.74367
-1.74367
-1.74367
-1.74367
-1.74367
-1.74367
-1.74367
-1.74367
-1.74367
-1.74367
-1.74367
-1.74367
-1.74367
-1.74367
-1.74367
-1.74367
-1.74367
-1.74367
-1.74367
-1.74367
-1.74367
-1.74367
-1.74367
-1.74367
-1.74367
-1.74367
-1.74367
-1.74367
-1.74367
-1.74367
-1.74367
-1.74367
-1.74367
-1.74367
-1.74367
-1.74367
-1.74367
-1.74367
-1.74367
-1.74367
-1.74367
-1.74367
-1.74367
-1.74367
-1.74367
-1.74367
-1.74367
-1.74367
-1.74367
-1.74367
-1.74367
-1.74367
-1.74367
-1.74367
-1.74367
-1.74367
-1.74367
-1.74367
-1.74367
-1.74367
-1.74367
-1.74367
-1.74367
-1.74367
-1.74367
-1.74367
-1.74367
-1.74367
-1.74367
-1.74367
-1.74367
-1.74367
-1.74367
-1.74367
-1.74367
-1.74367
-1.74367
-1.74367
-1.74367
-1.74367
-1.74367
-1.74367
-1.74367
-1.74367
-1.74367
-1.74367
-1.74367
-1.74367
-1.74367
-1.74367
-1.74367
-1.74367
-1.74367
-1.74367
-1.74367
-1.74367
-1.74367
-1.74367
-1.74367
-1.74367
-1.74367
-1.74367
-1.74367
-1.74367
-1.74367
-1.74367
-1.74367
-1.74367
-1.74367
-1.74367
-1.74367
-1.74367
-1.74367
-1.74367
-1.74367
-1.74367
-1.74367
-1.74367
-1.74367
-1.74367
-1.74367
-1.74367
-1.74367
-1.74367
-1.74367
-1.74367
-1.74367
-1.74367
-1.74367
-1.74367
-1.74367
-1.74367
-1.74367
-1.74367
-1.74367
-1.74367
-1.74367
-1.74367
-1.74367
-1.74367
-1.74367
-1.74367
-1.74367
-1.74367
-1.74367
-1.74367
-1.74367
-1.74367
-1.74367
-1.74367
-1.74367
-1.74367
-1.74367
-1.74367
-1.74367
-1.74367
-1.74367
-1.74367
-1.74367
-1.74367
-1.74367
-1.74367
-1.74367
-1.74367
-1.74367
-1.74367
-1.74367
-1.74367
-1.74367
-1.74367
-1.74367
-1.74367
-1.74367
-1.74367
-1.74367
-1.74367
-1.74367
-1.74367
-1.74367
-1.74367
-1.74367
-1.74367
-1.74367
-1.74367
-1.74367
-1.74367
-1.74367
-1.74367
-1.74367
-1.74367
-1.74367
-1.74367
-1.74367
-1.74367
-1.74367
-1.74367
-1.74367
-1.74367
-1.74367
-1.74367
-1.74367
-1.74367
-1.74367
-1.74367
-1.74367
-1.74367
-1.74367
-1.74367
-1.74367
-1.74367
-1.74367
-1.74367
-1.74367
-1.74367
-1.74367
-1.74367
-1.74367
-1.74367
-1.74367
-1.74367
-1.74367
-1.74367
-1.74367
-1.74367
-1.74367
-1.74367
-1.74367
-1.74367
-1.74367
-1.74367
-1.74367
-1.74367
-1.74367
-1.74367
-1.74367
-1.74367
-1.74367
-1.74367
-1.74367
-1.74367
-1.74367
-1.74367
-1.74367
-1.74367
-1.74367
-1.74367
-1.74367
-1.74367
-1.74367
-1.74367
-1.74367
-1.74367
-1.74367
-1.74367
-1.74367
-1.74367
-1.74367
-1.74367
-1.74367
-1.74367
-1.74367
-1.74367
-1.74367
-1.74367
-1.74367
-1.74367
-1.74367
-1.74367
-1.74367
-1.74367
-1.74367
-1.74367
-1.74367
NT: ERROR: select() to 10.6.23.2 port 1735 error 111 - Connection refused (TCPConnector.cpp:173)
-1.74367
-1.74367
-1.74367
-1.74367
-1.74367
NT: ERROR: select() to 10.6.23.2 port 1735 error 111 - Connection refused (TCPConnector.cpp:173)
-1.74367
-1.74367
-1.74367
-1.74367
-1.74367
NT: ERROR: select() to 10.6.23.2 port 1735 error 111 - Connection refused (TCPConnector.cpp:173)
-1.74367
-1.74367
-1.74367
-1.74367
-1.74367
NT: ERROR: select() to 10.6.23.2 port 1735 error 111 - Connection refused (TCPConnector.cpp:173)
-1.74367
-1.74367
-1.74367
-1.74367
-1.74367
-1.74367
NT: ERROR: select() to 10.6.23.2 port 1735 error 111 - Connection refused (TCPConnector.cpp:173)
-1.74367
-1.74367
-1.74367
-1.74367
-1.74367
NT: ERROR: select() to 10.6.23.2 port 1735 error 111 - Connection refused (TCPConnector.cpp:173)
-1.74367
-1.74367
-1.74367
-1.74367
NT: ERROR: select() to 10.6.23.2 port 1735 error 111 - Connection refused (TCPConnector.cpp:173)
-1.74367
-1.74367
-1.74367
-1.74367
-1.74367
NT: ERROR: select() to 10.6.23.2 port 1735 error 111 - Connection refused (TCPConnector.cpp:173)
-1.74367
-1.74367
-1.74367
-1.74367
-1.74367
NT: ERROR: select() to 10.6.23.2 port 1735 error 111 - Connection refused (TCPConnector.cpp:173)
-1.74367
-1.74367
-1.74367
-1.74367
NT: ERROR: select() to 10.6.23.2 port 1735 error 111 - Connection refused (TCPConnector.cpp:173)
-1.74367
-1.74367
-1.74367
-1.74367
-1.74367
NT: ERROR: select() to 10.6.23.2 port 1735 error 111 - Connection refused (TCPConnector.cpp:173)
-1.74367
-1.74367
-1.74367
-1.74367
NT: ERROR: select() to 10.6.23.2 port 1735 error 111 - Connection refused (TCPConnector.cpp:173)
-1.74367
-1.74367
-1.74367
-1.74367
-1.74367
NT: ERROR: select() to 10.6.23.2 port 1735 error 111 - Connection refused (TCPConnector.cpp:173)
-1.74367
-1.74367
-1.74367
-1.74367
-1.74367
NT: ERROR: select() to 10.6.23.2 port 1735 error 111 - Connection refused (TCPConnector.cpp:173)
-1.74367
-1.74367
-1.74367
-1.74367
NT: ERROR: select() to 10.6.23.2 port 1735 error 111 - Connection refused (TCPConnector.cpp:173)
-1.74367
-1.74367
-1.74367
-1.74367
NT: client: CONNECTED to server 10.6.23.2 port 1735
-1.74367
-1.74367
-1.74367
-1.74367
-1.74367
-1.74367
-1.74367
-1.74367
-1.74367
-1.74367
-1.74367
-1.74367
-1.74367
-1.74367
-1.74367
-1.74367
-1.74367
-1.74367
-1.74367
-1.74367
-1.74367
-1.74367
-1.74367
-1.74367
-1.74367
-1.74367
-1.74367
-1.74367
-1.74367
-1.74367
-1.74367
-1.74367
-1.74367
-1.74367
-1.74367
-1.74367
-1.74367
-1.74367
-1.74367
-1.74367
-1.74367
-1.74367
-1.74367
-1.74367
-1.74367
-1.74367
-1.74367
-1.74367
-1.74367
-1.74367
-1.74367
-1.74367
-1.74367
-1.74367
-1.74367
-1.74367
-1.74367
-1.74367
-1.74367
-1.74367
-1.74367
-1.74367
-1.74367
-1.74367
-1.74367
-1.74367
-1.74367
-1.74367
-1.74367
-1.74367
-1.74367
-1.74367
-1.74367
-1.74367
-1.74367
-1.74367
-1.74367
-1.74367
-1.74367
-1.74367
-1.74367
-1.74367
-1.74367
-1.74367
-1.74367
-1.74367
-1.74367
-1.74367
-1.74367
-1.74367
-1.74367
-1.74367
-1.74367
-1.74367
-1.74367
-1.74367
-1.74367
-1.74367
-1.74367
-1.74367
-1.74367
-1.74367
-1.74367
-1.74367
-1.74367
-1.74367
-1.74367
-1.74367
-1.74367
-1.74367
-1.74367
-1.74367
-1.74367
-1.74367
-1.74367
-1.74367
-1.74367
-1.74367
-1.74367
-1.74367
-1.74367
-1.74367
-1.74367
-1.74367
-1.74367
-1.74367
-1.74367
-1.74367
-1.74367
-1.74367
-1.74367
-1.74367
-1.74367
-1.74367
-1.74367
-1.74367
-1.74367
-1.74367
-1.74367
-1.74367
-1.74367
-1.74367
-1.74367
-1.74367
-1.74367
-1.74367
-1.74367
-1.74367
-1.74367
-1.74367
-1.74367
-1.74367
-1.74367
-1.74367
-1.74367
-1.74367
-1.74367
-1.74367
-1.74367
-1.74367
-1.74367
-1.74367
-1.74367
-1.74367
-1.74367
-1.74367
-1.74367
-1.74367
-1.74367
-1.74367
-1.74367
-1.74367
-1.74367
-1.74367
-1.74367
-1.74367
-1.74367
-1.74367
-1.74367
-1.74367
-1.74367
-1.74367
-1.74367
-1.74367
-1.74367
-1.74367
-1.74367
-1.74367
-1.74367
-1.74367
-1.74367
-1.74367
-1.74367
-1.74367
-1.74367
-1.74367
-1.74367
-1.74367
-1.74367
-1.74367
-1.74367
-1.74367
-1.74367
-1.74367
-1.74367
-1.74367
-1.74367
-1.74367
-1.74367
-1.74367
-1.74367
-1.74367
-1.74367
-1.74367
-1.74367
-1.74367
-1.74367
-1.74367
-1.74367
-1.74367
-1.74367
-1.74367
-1.74367
-1.74367
-1.74367
-1.74367
-1.74367
-1.74367
-1.74367
-1.74367
-1.74367
-1.74367
-1.74367
-1.74367
-1.74367
-1.74367
-1.74367
-1.74367
-1.74367
-1.74367
-1.74367
-1.74367
-1.74367
-1.74367
-1.74367
-1.74367
-1.74367
-1.74367
-1.74367
-1.74367
-1.74367
-1.74367
-1.74367
-1.74367
-1.74367
-1.74367
-1.74367
-1.74367
-1.74367
-1.74367
-1.74367
-1.74367
-1.74367
-1.74367
-1.74367
-1.74367
-1.74367
-1.74367
-1.74367
-1.74367
-1.74367
-1.74367
-1.74367
-1.74367
-1.74367
-1.74367
-1.74367
-1.74367
-1.74367
-1.74367
-1.74367
-1.74367
-1.74367
-1.74367
-1.74367
-1.74367
-1.74367
-1.74367
-1.74367
-1.74367
-1.74367
-1.74367
-1.74367
-1.74367
-1.74367
-1.74367
-1.74367
-1.74367
-1.74367
-1.74367
-1.74367
-1.74367
-1.74367
-1.74367
-1.74367
-1.74367
-1.74367
-1.74367
-1.74367
-1.74367
-1.74367
-1.74367
-1.74367
-1.74367
-1.74367
-1.74367
-1.74367
-1.74367
-1.74367
-1.74367
-1.74367
-1.74367
-1.74367
-1.74367
-1.74367
-1.74367
-1.74367
-1.74367
-1.74367
-1.74367
-1.74367
-1.74367
-1.74367
-1.74367
-1.74367
-1.74367
-1.74367
-1.74367
-1.74367
-1.74367
-1.74367
-1.74367
-1.74367
-1.74367
-1.74367
-1.74367
-1.74367
-1.74367
-1.74367
-1.74367
-1.74367
-1.74367
-1.74367
-1.74367
-1.74367
-1.74367
-1.74367
-1.74367
-1.74367
-1.74367
-1.74367
-1.74367
-1.74367
-1.74367
-1.74367
-1.74367
-1.74367
-1.74367
-1.74367
-1.74367
-1.74367
-1.74367
-1.74367
-1.74367
-1.74367
-1.74367
-1.74367
-1.74367
-1.74367
-1.74367
-1.74367
-1.74367
-1.74367
-1.74367
-1.74367
-1.74367
-1.74367
-1.74367
-1.74367
-1.74367
-1.74367
-1.74367
-1.74367
-1.74367
-1.74367
-1.74367
-1.74367
-1.74367
-1.74367
-1.74367
-1.74367
-1.74367
-1.74367
-1.74367
-1.74367
-1.74367
-1.74367
-1.74367
-1.74367
-1.74367
-1.74367
-1.74367
-1.74367
-1.74367
-1.74367
-1.74367
-1.74367
-1.74367
-1.74367
-1.74367
-1.74367
-1.74367
-1.74367
-1.74367
-1.74367
-1.74367
-1.74367
-1.74367
-1.74367
-1.74367
-1.74367
-1.74367
-1.74367
-1.74367
-1.74367
-1.74367
-1.74367
-1.74367
-1.74367
-1.74367
-1.74367
-1.74367
-1.74367
-1.74367
-1.74367
-1.74367
-1.74367
-1.74367
-1.74367
-1.74367
-1.74367
-1.74367
-1.74367
-1.74367
-1.74367
-1.74367
-1.74367
-1.74367
-1.74367
-1.74367
-1.74367
-1.74367
-1.74367
-1.74367
-1.74367
-1.74367
-1.74367
-1.74367
-1.74367
-1.74367
-1.74367
-1.74367
-1.74367
-1.74367
-1.74367
-1.74367
-1.74367
-1.74367
-1.74367
-1.74367
-1.74367
-1.74367
-1.74367
-1.74367
-1.74367
-1.74367
-1.74367
-1.74367
-1.74367
-1.74367
-1.74367
-1.74367
-1.74367
-1.74367
-1.74367
-1.74367
-1.74367
-1.74367
-1.74367
-1.74367
-1.74367
-1.74367
-1.74367
-1.74367
-1.74367
-1.74367
-1.74367
-1.74367
-1.74367
-1.74367
-1.74367
-1.74367
-1.74367
-1.74367
-1.74367
-1.74367
-1.74367
-1.74367
-1.74367
-1.74367
-1.74367
-1.74367
-1.74367
-1.74367
-1.74367
-1.74367
-1.74367
-1.74367
-1.74367
-1.74367
-1.74367
-1.74367
-1.74367
-1.74367
-1.74367
-1.74367
-1.74367
-1.74367
-1.74367
-1.74367
-1.74367
-1.74367
-1.74367
-1.74367
-1.74367
-1.74367
-1.74367
-1.74367
-1.74367
-1.74367
-1.74367
-1.74367
-1.74367
-1.74367
-1.74367
-1.74367
-1.74367
-1.74367
-1.74367
-1.74367
-1.74367
-1.74367
-1.74367
-1.74367
-1.74367
-1.74367
-1.74367
-1.74367
-1.74367
-1.74367
-1.74367
-1.74367
-1.74367
-1.74367
-1.74367
-1.74367
-1.74367
-1.74367
-1.74367
-1.74367
-1.74367
-1.74367
-1.74367
-1.74367
-1.74367
-1.74367
-1.74367
-1.74367
-1.74367
-1.74367
-1.74367
-1.74367
-1.74367
-1.74367
-1.74367
-1.74367
-1.74367
-1.74367
-1.74367
-1.74367
-1.74367
-1.74367
-1.74367
-1.74367
-1.74367
-1.74367
-1.74367
-1.74367
-1.74367
-1.74367
-1.74367
-1.74367
-1.74367
-1.74367
-1.74367
-1.74367
-1.74367
-1.74367
-1.74367
-1.74367
-1.74367
-1.74367
-1.74367
-1.74367
-1.74367
-1.74367
-1.74367
-1.74367
-1.74367
-1.74367
-1.74367
-1.74367
-1.74367
-1.74367
-1.74367
-1.74367
-1.74367
-1.74367
-1.74367
-1.74367
-1.74367
-1.74367
-1.74367
-1.74367
-1.74367
-1.74367
-1.74367
-1.74367
-1.74367
-1.74367
-1.74367
-1.74367
-1.74367
-1.74367
-1.74367
-1.74367
-1.74367
-1.74367
-1.74367
-1.74367
-1.74367
-1.74367
-1.74367
-1.74367
-1.74367
-1.74367
-1.74367
-1.74367
-1.74367
-1.74367
-1.74367
-1.74367
-1.74367
-1.74367
-1.74367
-1.74367
-1.74367
-1.74367
-1.74367
-1.74367
-1.74367
-1.74367
-1.74367
-1.74367
-1.74367
-1.74367
-1.74367
-1.74367
-1.74367
-1.74367
-1.74367
-1.74367
-1.74367
-1.74367
-1.74367
-1.74367
-1.74367
-1.74367
-1.74367
-1.74367
-1.74367
-1.74367
-1.74367
-1.74367
-1.74367
-1.74367
-1.74367
-1.74367
-1.74367
-1.74367
-1.74367
-1.74367
-1.74367
-1.74367
-1.74367
-1.74367
-1.74367
-1.74367
-1.74367
-1.74367
-1.74367
-1.74367
-1.74367
-1.74367
-1.74367
-1.74367
-1.74367
-1.74367
-1.74367
-1.74367
-1.74367
-1.74367
-1.74367
-1.74367
-1.74367
-1.74367
-1.74367
-1.74367
-1.74367
-1.74367
-1.74367
-1.74367
-1.74367
-1.74367
-1.74367
-1.74367
-1.74367
-1.74367
-1.74367
-1.74367
-1.74367
-1.74367
-1.74367
-1.74367
-1.74367
-1.74367
-1.74367
-1.74367
-1.74367
-1.74367
-1.74367
-1.74367
-1.74367
-1.74367
-1.74367
-1.74367
-1.74367
-1.74367
-1.74367
-1.74367
-1.74367
-1.74367
-1.74367
-1.74367
-1.74367
-1.74367
-1.74367
-1.74367
-1.74367
-1.74367
-1.74367
-1.74367
-1.74367
-1.74367
-1.74367
-1.74367
-1.74367
-1.74367
-1.74367
-1.74367
-1.74367
-1.74367
-1.74367
-1.74367
-1.74367
-1.74367
-1.74367
-1.74367
-1.74367
-1.74367
-1.74367
-1.74367
-1.74367
-1.74367
-1.74367
-1.74367
-1.74367
-1.74367
-1.74367
-1.74367
-1.74367
-1.74367
-1.74367
-1.74367
-1.74367
-1.74367
-1.74367
-1.74367
-1.74367
-1.74367
-1.74367
-1.74367
-1.74367
-1.74367
-1.74367
-1.74367
-1.74367
-1.74367
-1.74367
-1.74367
-1.74367
-1.74367
-1.74367
-1.74367
-1.74367
-1.74367
-1.74367
-1.74367
-1.74367
-1.74367
-1.74367
-1.74367
-1.74367
-1.74367
-1.74367
-1.74367
-1.74367
-1.74367
-1.74367
-1.74367
-1.74367
-1.74367
-1.74367
-1.74367
-1.74367
-1.74367
-1.74367
-1.74367
-1.74367
-1.74367
-1.74367
-1.74367
-1.74367
-1.74367
-1.74367
-1.74367
-1.74367
-1.74367
-1.74367
-1.74367
-1.74367
-1.74367
-1.74367
-1.74367
-1.74367
-1.74367
-1.74367
-1.74367
-1.74367
-1.74367
-1.74367
-1.74367
-1.74367
-1.74367
-1.74367
-1.74367
-1.74367
-1.74367
-1.74367
-1.74367
-1.74367
-1.74367
-1.74367
-1.74367
-1.74367
-1.74367
-1.74367
-1.74367
-1.74367
-1.74367
-1.74367
-1.74367
-1.74367
-1.74367
-1.74367
-1.74367
-1.74367
-1.74367
-1.74367
-1.74367
-1.74367
-1.74367
-1.74367
-1.74367
-1.74367
-1.74367
-1.74367
-1.74367
-1.74367
-1.74367
-1.74367
-1.74367
-1.74367
-1.74367
-1.74367
-1.74367
-1.74367
-1.74367
-1.74367
-1.74367
-1.74367
-1.74367
-1.74367
-1.74367
-1.74367
-1.74367
-1.74367
-1.74367
-1.74367
-1.74367
-1.74367
-1.74367
-1.74367
-1.74367
-1.74367
-1.74367
-1.74367
-1.74367
-1.74367
-1.74367
-1.74367
-1.74367
-1.74367
-1.74367
-1.74367
-1.74367
-1.74367
-1.74367
-1.74367
-1.74367
-1.74367
-1.74367
-1.74367
-1.74367
-1.74367
-1.74367
-1.74367
-1.74367
-1.74367
-1.74367
-1.74367
-1.74367
-1.74367
-1.74367
-1.74367
-1.74367
-1.74367
-1.74367
-1.74367
-1.74367
-1.74367
-1.74367
-1.74367
-1.74367
-1.74367
-1.74367
-1.74367
-1.74367
-1.74367
-1.74367
-1.74367
-1.74367
-1.74367
-1.74367
-1.74367
-1.74367
-1.74367
-1.74367
-1.74367
-1.74367
-1.74367
-1.74367
-1.74367
-1.74367
-1.74367
-1.74367
-1.74367
-1.74367
-1.74367
-1.74367
-1.74367
-1.74367
-1.74367
-1.74367
-1.74367
-1.74367
-1.74367
-1.74367
-1.74367
-1.74367
-1.74367
-1.74367
-1.74367
-1.74367
-1.74367
-1.74367
-1.74367
-1.74367
-1.74367
-1.74367
-1.74367
-1.74367
-1.74367
-1.74367
-1.74367
-1.74367
-1.74367
-1.74367
-1.74367
-1.74367
-1.74367
-1.74367
-1.74367
-1.74367
-1.74367
-1.74367
-1.74367
-1.74367
-1.74367
-1.74367
-1.74367
-1.74367
-1.74367
-1.74367
-1.74367
-1.74367
-1.74367
-1.74367
-1.74367
-1.74367
-1.74367
-1.74367
-1.74367
-1.74367
-1.74367
-1.74367
-1.74367
-1.74367
-1.74367
-1.74367
-1.74367
-1.74367
-1.74367
-1.74367
-1.74367
-1.74367
-1.74367
-1.74367
-1.74367
-1.74367
-1.74367
-1.74367
-1.74367
-1.74367
-1.74367
-1.74367
-1.74367
-1.74367
-1.74367
-1.74367
-1.74367
-1.74367
-1.74367
-1.74367
-1.74367
-1.74367
-1.74367
-1.74367
-1.74367
-1.74367
-1.74367
-1.74367
-1.74367
-1.74367
-1.74367
-1.74367
-1.74367
-1.74367
-1.74367
-1.74367
-1.74367
-1.74367
-1.74367
-1.74367
-1.74367
-1.74367
-1.74367
-1.74367
-1.74367
-1.74367
-1.74367
-1.74367
-1.74367
-1.74367
-1.74367
-1.74367
-1.74367
-1.74367
-1.74367
-1.74367
-1.74367
-1.74367
-1.74367
-1.74367
-1.74367
-1.74367
-1.74367
-1.74367
-1.74367
-1.74367
-1.74367
-1.74367
-1.74367
-1.74367
-1.74367
-1.74367
-1.74367
-1.74367
-1.74367
-1.74367
-1.74367
-1.74367
-1.74367
-1.74367
-1.74367
-1.74367
-1.74367
-1.74367
-1.74367
-1.74367
-1.74367
-1.74367
-1.74367
-1.74367
-1.74367
-1.74367
-1.74367
-1.74367
-1.74367
-1.74367
-1.74367
-1.74367
-1.74367
-1.74367
-1.74367
-1.74367
-1.74367
-1.74367
-1.74367
-1.74367
-1.74367
-1.74367
-1.74367
-1.74367
-1.74367
-1.74367
-1.74367
-1.74367
-1.74367
-1.74367
-1.74367
-1.74367
-1.74367
-1.74367
-1.74367
-1.74367
-1.74367
-1.74367
-1.74367
-1.74367
-1.74367
-1.74367
-1.74367
-1.74367
-1.74367
-1.74367
-1.74367
-1.74367
-1.74367
-1.74367
-1.74367
-1.74367
-1.74367
-1.74367
-1.74367
-1.74367
-1.74367
-1.74367
-1.74367
-1.74367
-1.74367
-1.74367
-1.74367
-1.74367
-1.74367
-1.74367
-1.74367
-1.74367
-1.74367
-1.74367
-1.74367
-1.74367
-1.74367
-1.74367
-1.74367
-1.74367
-1.74367
-1.74367
-1.74367
-1.74367
-1.74367
-1.74367
-1.74367
-1.74367
-1.74367
-1.74367
-1.74367
-1.74367
-1.74367
-1.74367
-1.74367
-1.74367
-1.74367
-1.74367
-1.74367
-1.74367
-1.74367
-1.74367
-1.74367
-1.74367
-1.74367
-1.74367
-1.74367
-1.74367
-1.74367
-1.74367
-1.74367
-1.74367
-1.74367
-1.74367
-1.74367
-1.74367
-1.74367
-1.74367
-1.74367
-1.74367
-1.74367
-1.74367
-1.74367
-1.74367
-1.74367
-1.74367
-1.74367
-1.74367
-1.74367
-1.74367
-1.74367
-1.74367
-1.74367
-1.74367
-1.74367
-1.74367
-1.74367
-1.74367
-1.74367
-1.74367
-1.74367
-1.74367
-1.74367
-1.74367
-1.74367
-1.74367
-1.74367
-1.74367
-1.74367
-1.74367
-1.74367
-1.74367
-1.74367
-1.74367
-1.74367
-1.74367
-1.74367
-1.74367
-1.74367
-1.74367
-1.74367
-1.74367
-1.74367
-1.74367
-1.74367
-1.74367
-1.74367
-1.74367
-1.74367
-1.74367
-1.74367
-1.74367
-1.74367
-1.74367
-1.74367
-1.74367
-1.74367
-1.74367
-1.74367
-1.74367
-1.74367
-1.74367
-1.74367
-1.74367
-1.74367
-1.74367
-1.74367
-1.74367
-1.74367
-1.74367
-1.74367
-1.74367
-1.74367
-1.74367
-1.74367
-1.74367
-1.74367
-1.74367
-1.74367
-1.74367
-1.74367
-1.74367
-1.74367
-1.74367
-1.74367
-1.74367
-1.74367
-1.74367
-1.74367
-1.74367
-1.74367
-1.74367
-1.74367
-1.74367
-1.74367
-1.74367
-1.74367
-1.74367
-1.74367
-1.74367
-1.74367
-1.74367
-1.74367
-1.74367
-1.74367
-1.74367
-1.74367
-1.74367
-1.74367
-1.74367
-1.74367
-1.74367
-1.74367
-1.74367
-1.74367
-1.74367
-1.74367
-1.74367
-1.74367
-1.74367
-1.74367
-1.74367
-1.74367
-1.74367
-1.74367
-1.74367
-1.74367
-1.74367
-1.74367
-1.74367
-1.74367
-1.74367
-1.74367
-1.74367
-1.74367
-1.74367
-1.74367
-1.74367
-1.74367
-1.74367
-1.74367
-1.74367
-1.74367
-1.74367
-1.74367
-1.74367
-1.74367
-1.74367
-1.74367
-1.74367
-1.74367
-1.74367
-1.74367
-1.74367
-1.74367
-1.74367
-1.74367
-1.74367
-1.74367
-1.74367
-1.74367
-1.74367
-1.74367
-1.74367
-1.74367
-1.80852
-1.66346
-1.29956
-1.20353
-1.20353
-1.20353
-1.20353
-1.26264
-1.12637
-1.37274
-1.49603
-1.60507
-1.53899
-1.59167
-1.52842
-1.59167
-1.525
-1.59167
-1.52842
-1.59167
-1.59167
-1.59167
-1.59167
-1.59167
-1.59167
-1.59167
-1.59167
-1.59167
-1.59167
-1.59167
-1.59167
-1.59167
-1.59167
-1.59167
-1.59167
-1.59167
-1.59167
-1.59167
-1.59167
-1.59167
-1.59167
-1.59167
-1.59167
-1.59167
-1.59167
-1.59167
-1.59167
-1.59167
-1.59167
-1.59167
-1.59167
-1.59167
-1.59167
-1.59167
-1.59167
-1.59167
-1.59167
-1.59167
-1.59167
-1.59167
-1.59167
-1.59167
-1.59167
-1.59167
-1.59167
-1.59167
-1.59167
-1.59167
-1.59167
-1.59167
-1.59167
-1.59167
-1.59167
-1.59167
-1.59167
-1.59167
-1.59167
-1.59167
-1.59167
-1.59167
-1.59167
-1.59167
-1.59167
-1.59167
-1.59167
-1.59167
-1.59167
-1.59167
-1.59167
-1.59167
-1.59167
-1.59167
-1.59167
-1.59167
-1.59167
-1.59167
-1.59167
-1.59167
-1.59167
-1.59167
-1.59167
-1.59167
-1.59167
-1.59167
-1.59167
-1.59167
-1.59167
-1.59167
-1.59167
-1.34659
-0.961669
-0.0753976
-0.0712164
-0.344587
-0.415635
-0.415635
-0.367862
-0.415635
-0.415635
-0.415635
-0.415635
-0.415635
-0.415635
-0.415635
-0.415635
-0.415635
0.0306762
0.54425
0.479817
0.256103
0.157641
-0.0843078
-0.429179
-0.429179
-0.429179
-0.429179
-0.429179
-0.367862
-0.232631
-0.135608
-0.135608
-0.135608
-0.25901
-0.121378
0.0073336
-0.197678
-0.135608
-0.19696
-0.19696
-0.135608
-0.135608
-0.135608
-0.197678
-0.135608
-0.135608
-0.197678
-0.135608
-0.135608
-0.197678
-0.135608
-0.135608
-0.197678
-0.197678
-0.135608
-0.197678
-0.197678
-0.135608
-0.135608
-0.135608
-0.135608
-0.197678
-0.197678
-0.135608
-0.135608
-0.135608
-0.135608
-0.197678
-0.197678
-0.197678
-0.197678
-0.135608
-0.197678
-0.197678
-0.197678
-0.197678
-0.135608
-0.197678
-0.197678
-0.135608
-0.135608
-0.197678
-0.135608
-0.135608
-0.135608
-0.197678
-0.197678
-0.197678
-0.135608
-0.135608
-0.197678
-0.197678
-0.197678
-0.197678
-0.197678
-0.197678
-0.197678
-0.197678
-0.197678
-0.197678
-0.197678
-0.197678
-0.197678
-0.197678
-0.197678
-0.135608
-0.135608
-0.197678
-0.197678
-0.197678
-0.197678
-0.197678
-0.197678
-0.197678
-0.197678
-0.197678
-0.135608
-0.197678
-0.197678
-0.135608
-0.197678
-0.197678
-0.197678
-0.197678
-0.197678
-0.197678
-0.135608
-0.197678
-0.197678
-0.197678
-0.197678
-0.197678
-0.197678
-0.197678
-0.197678
-0.197678
-0.197678
-0.135608
-0.135608
-0.197678
-0.197678
-0.197678
-0.197678
-0.197678
-0.197678
-0.197678
-0.197678
-0.135608
-0.197678
-0.197678
-0.135608
-0.197678
-0.135608
-0.135608
-0.197678
-0.197678
-0.135608
-0.135608
-0.197678
-0.197678
-0.197678
-0.197678
-0.197678
-0.135608
-0.197678
-0.197678
-0.197678
-0.197678
-0.197678
-0.197678
-0.197678
-0.197678
-0.197678
-0.135608
-0.197678
-0.197678
-0.135608
-0.197678
-0.197678
-0.197678
-0.197678
-0.197678
-0.197678
-0.197678
-0.197678
-0.135608
-0.135608
-0.197678
-0.197678
-0.197678
-0.197678
-0.197678
-0.197678
-0.197678
-0.197678
-0.197678
-0.197678
-0.135608
-0.197678
-0.197678
-0.197678
-0.197678
-0.197678
-0.135608
-0.197678
-0.197678
-0.197678
-0.197678
-0.197678
-0.135608
-0.197678
-0.197678
-0.135608
-0.197678
-0.197678
-0.197678
-0.197678
-0.197678
-0.135608
-0.197678
-1.20057
-4.30854
-8.6168
-11.1016
-13.6716
-16.5316
-16.8306
-16.0122
-15.2985
-14.611
-12.4846
-11.5484
-10.7229
-8.42345
-6.43025
-5.50095
-4.71706
-3.73136
-2.92827
-3.17082
-3.10499
-3.26879
-3.07242
-3.14018
-3.36246
-3.48063
-4.00863
-6.44789
-7.89877
-9.47749
-10.8268
-13.6999
-14.8274
-15.6251
-16.4151
-16.4334
-16.5683
-16.6072
-16.3301
-16.3876
-16.3876
-16.3876
-16.4267
-15.7796
-13.5005
-12.2504
-10.8293
-9.02425
-7.14577
-5.2767
-3.94449
-3.29191
-3.73564
-4.52079
-4.9602
-5.09663
-5.02247
-4.90501
-4.22408
-2.70239
-0.926244
1.01695
2.93915
4.44029
5.83956
6.59681
6.43631
5.83351
5.26897
5.59284
5.26897
5.58511
5.2447
5.34732
5.58144
5.41046
5.26036
5.59187
5.24316
4.6547
3.03153
1.11926
-1.31696
-4.04502
-6.51087
-10.5237
-11.4965
-12.2514
-12.2514
-11.9271
-11.7955
-11.3593
-11.9372
-12.6627
-15.8486
-18.7918
-19.1423
4.66495
4.3065
4.40856
6.61114
6.50152
5.3333
-18.3567
-13.1964
-10.6312
-7.64942
-2.55912
-0.813584
-0.816139
-2.35032
-3.0408
-3.88173
-4.20889
-4.20162
-4.19071
-4.20889
-4.19071
-4.20162
-4.20162
-4.2623
-4.2623
-4.2623
-4.20162
-4.32278
-4.19071
-4.20162
-4.20162
-4.20162
-4.20162
-4.20162
-4.20162
-4.20162
-4.20162
-4.20162
-4.20162
-4.2623
-4.2623
-4.20162
-4.20162
-4.20162
-4.20162
-4.19071
-4.20162
-4.20162
-4.20162
-4.20162
-4.19071
-4.20162
-4.20162
-4.19071
-4.20162
-4.20162
-4.20162
-4.20162
-4.20162
-4.20162
-4.20162
-4.20162
-4.2623
-4.20162
-4.20162
-4.20162
-4.20162
-4.20162
-4.20162
-4.20162
-4.20162
-4.2623
-4.32278
-4.2623
-4.32278
-4.20162
-4.20162
-4.20162
-4.19071
-4.19071
-4.19071
-4.20162
-4.19071
-4.19071
-4.20162
-4.19071
-4.19071
-4.19071
-4.19071
-4.19071
-4.19071
-4.19071
-4.19071
-4.19071
-4.19071
-4.19071
-4.2623
-4.19071
-4.1304
-4.29804
-4.38434
-4.5549
-4.64936
-4.59594
-4.73707
-5.07963
-5.35134
-5.64854
-5.99699
-6.21024
-6.38651
-6.39293
-6.6624
-6.95352
-7.05695
-7.11113
-7.11113
-7.13262
-7.19618
-7.02988
-6.90234
-6.93872
-6.99169
-7.19759
-7.32924
-7.43936
-7.42473
-7.42473
-7.37082
-7.32924
-7.20113
-7.14628
-7.20984
-7.26514
-7.37082
-7.36172
-7.42473
-7.42473
-7.37082
-7.32924
-7.27352
-7.20984
-7.20984
-7.26514
-7.32924
-7.37082
-7.37082
-7.37082
-7.37082
-7.32924
-7.26514
-7.32924
-7.32924
-7.26514
-6.38084
-6.19667
-8.39629
-8.86247
-8.85364
-8.86092
-8.30329
-8.07037
-8.14035
-8.81002
-8.81002
-8.75355
-8.69412
-7.93597
-5.36704
-5.41544
-5.90565
-6.06018
-5.72895
-5.32218
-5.49663
-5.49663
-5.38406
-4.20875
-4.30076
-4.4601
-4.27667
-4.85986
-4.88491
-4.88491
-5.08772
-5.07558
-5.48981
-5.66269
-6.00686
-6.07371
-7.35061
-8.38094
NT: ERROR: select() to 10.6.23.2 port 1735 error 111 - Connection refused (TCPConnector.cpp:173)
-8.60711
NT: ERROR: select() to 10.6.23.2 port 1735 error 111 - Connection refused (TCPConnector.cpp:173)
NT: ERROR: select() to 10.6.23.2 port 1735 error 111 - Connection refused (TCPConnector.cpp:173)
-7.83291
-7.65779
NT: ERROR: select() to 10.6.23.2 port 1735 error 111 - Connection refused (TCPConnector.cpp:173)
-7.06066
NT: ERROR: select() to 10.6.23.2 port 1735 error 111 - Connection refused (TCPConnector.cpp:173)
-7.43591
-7.54976
NT: ERROR: select() to 10.6.23.2 port 1735 error 111 - Connection refused (TCPConnector.cpp:173)
-6.998
NT: ERROR: select() to 10.6.23.2 port 1735 error 111 - Connection refused (TCPConnector.cpp:173)
-6.62872
-6.56672
-6.54225
NT: ERROR: select() to 10.6.23.2 port 1735 error 111 - Connection refused (TCPConnector.cpp:173)
NT: ERROR: select() to 10.6.23.2 port 1735 error 111 - Connection refused (TCPConnector.cpp:173)
NT: ERROR: select() to 10.6.23.2 port 1735 error 111 - Connection refused (TCPConnector.cpp:173)
-6.89566
-6.95807
NT: ERROR: select() to 10.6.23.2 port 1735 error 111 - Connection refused (TCPConnector.cpp:173)
-6.95807
-7.02053
-7.02053
NT: ERROR: select() to 10.6.23.2 port 1735 error 111 - Connection refused (TCPConnector.cpp:173)
NT: ERROR: select() to 10.6.23.2 port 1735 error 111 - Connection refused (TCPConnector.cpp:173)
-6.95807
NT: ERROR: select() to 10.6.23.2 port 1735 error 111 - Connection refused (TCPConnector.cpp:173)
NT: client: CONNECTED to server 10.6.23.2 port 1735
-6.55268
-6.62368
-6.59904
-6.73807
-6.74407
-5.59424
-5.29549
-4.54357
-5.24331
-6.23623
-6.23623
-6.23623
-3.20958
-3.10669
-3.1216
-3.14067
-2.93045
-3.04473
-3.15613
-3.31338
-3.09509
-3.25189
-3.85221
-3.72982
-3.50746
-3.50746
-3.67104
-3.50746
-3.50746
-3.37473
-3.02649
-3.11219
-3.13477
-3.77861
-4.2795
-4.30955
-4.37074
-4.43187
-4.35082
-4.35982
-4.36624
-4.36624
-4.42089
-4.28949
-4.35193
-4.28949
-4.42089
-4.35082
-4.35982
-4.05223
-4.18489
-4.3493
-4.16721
-4.3493
-4.16721
-4.3493
-4.30525
-4.05223
-4.27288
-4.28878
-2.25215
-1.84357
-2.78468
-3.4231
-3.75079
-3.76804
-4.60882
-5.14622
-5.23375
-5.41838
-5.41838
-5.30201
-5.13235
-4.97194
-4.53541
-3.95071
-3.84626
-3.66909
-3.55412
-3.55412
-3.55412
-3.8199
-3.7595
-3.7595
-3.7595
-3.8199
-3.62677
-3.62677
-3.58472
-3.5232
-3.8199
-3.8199
-3.76797
-3.63409
-3.75209
-3.87355
-3.87355
-3.87355
-3.8017
-3.87223
-3.87223
-3.8017
-3.87223
-4.03699
-3.97621
-4.17953
-4.17953
-4.05726
-4.01152
-3.80857
-3.90685
-3.85303
-3.79183
-3.90685
-4.07232
-4.29017
-4.4144
-4.35255
-4.24101
-4.13281
-4.07232
-4.01152
-4.52815
-4.59964
-5.04425
-6.8865
-6.87453
-7.30872
-7.19472
-7.19472
-7.0921
-5.84163
-5.61228
-5.03861
-4.63847
-4.14693
-3.58472
-2.68863
-2.19173
-1.37102
-1.46605
-1.37102
-1.37102
-1.37102
-1.37102
-0.465884
-1.46605
-1.37102
-1.37102
-1.37647
-1.63477
-2.97496
-3.2035
-3.28852
-3.55484
-3.41498
-3.50387
-3.96316
-4.11194
-4.2208
-4.2208
-4.3296
-4.40529
-4.51575
-4.85365
-5.15785
-5.13235
-5.41078
-5.43209
-5.43209
-5.43209
-5.43209
-5.43209
-5.30511
-5.34682
-5.30511
-5.3378
-5.40213
-5.39376
-5.49131
-5.5127
-5.5127
-5.5127
-5.5127
-5.5127
-5.50365
-7.01003
-7.22957
-7.97566
-7.89954
-7.81452
-7.6587
-7.41602
-6.92492
-6.23007
-5.92764
-5.62519
-4.63662
-4.30493
-5.46797
-6.88269
-8.13762
-8.38403
-9.26852
-11.0285
-11.0983
-11.0316
-10.9217
-10.7561
-10.5461
-10.0391
-9.12849
-4.48501
-4.27926
-4.34021
-4.27926
-4.57855
-4.27926
-4.34021
-4.27926
-4.27926
-4.57855
-4.27926
-4.57855
-4.27926
-4.27926
-4.27926
-4.27926
-4.57855
-4.27926
-4.27926
-4.27926
-4.57855
-4.57855
-4.27926
-4.27926
-4.57855
-4.57855
-4.57855
-4.57855
-4.57855
-4.57855
-4.57855
-4.57855
-4.57855
-4.57855
-4.57855
-4.57855
-4.57855
-4.57855
-4.57855
-4.57855
-4.27926
-4.57855
-4.57855
-4.57855
-4.57855
-4.57855
-4.57855
-4.57855
-4.57855
-4.57855
-4.57855
-4.57855
-4.57855
-4.57855
-4.57855
2.31605
-4.4567
-4.57855
14.3036
25.6763
-5.122
-4.57855
-4.57855
-4.57855
14.3036
7.06723
-29.5139
14.3525
-4.90382
-4.57855
-4.57855
-4.57855
-4.57855
-4.57855
-4.57855
-4.57855
-4.57855
-4.57855
-4.57855
-4.57855
-4.57855
-4.57855
-4.57855
-4.57855
-4.57855
-4.57855
-4.57855
-4.57855
-4.57855
-4.57855
-4.52923
-4.43102
-4.34707
-4.34707
-4.43102
-4.52923
-4.57855
-4.57855
-4.34021
-4.40096
-4.26756
-4.26756
-4.38397
-4.38397
-4.26756
-4.3849
-4.48753
-4.66472
-4.83371
-4.89544
-5.07051
-5.23726
-5.23726
-5.37699
-5.43006
-5.49354
-5.6123
-5.64699
-5.64464
-5.7129
-5.82512
-5.85528
-5.8627
-5.85489
-5.72538
-5.51803
-5.01752
-4.5112
-4.26314
-4.22496
-4.07777
-4.36537
-4.46274
-4.50186
-4.50186
-4.45816
-4.37774
-4.27464
-4.33735
-4.49914
-4.57986
-4.56303
-4.56303
-4.56303
-4.50186
-4.44053
-4.379
-4.379
-4.44053
-4.50186
-4.50186
-4.54675
-4.54675
-4.50186
-4.50186
-4.50186
-4.44053
-4.44053
-4.44053
-4.50186
-4.50186
-4.50186
-4.50186
-4.50186
-4.50186
-4.50186
-4.44053
-4.44053
-4.50186
-4.50186
-4.50186
-4.50186
-4.50186
-4.50186
-4.50186
-4.50186
-4.44053
-4.44053
-4.50186
-4.50186
-4.50186
-4.50186
-4.50186
-4.50186
-4.50186
-4.50186
-4.50186
-4.50186
-4.50186
-4.50186
-4.50186
-4.50186
-4.50186
-4.50186
-4.42343
-4.69354
-4.40445
-4.34335
-4.62342
-4.68385
-4.26251
-4.51663
-4.33391
-4.1213
-3.8758
-3.62741
-3.47717
-3.25499
-2.70608
-2.49326
-2.3482
-2.27963
-2.00979
-1.73143
-1.47196
-1.39718
-1.2296
-0.791032
-0.71136
-0.44788
-0.452079
-0.467543
-0.38344
-0.309791
-0.0495532
0.116071
0.191947
0.357568
0.606593
0.77264
1.02971
1.18766
1.35479
1.52037
1.5977
1.85735
2.02554
2.11451
2.29013
2.45475
2.62116
2.70097
2.87098
2.99469
3.02328
3.32186
3.38931
3.45924
3.53184
3.68162
3.58306
3.53342
3.5624
3.43293
3.30446
3.25366
3.1064
3.01143
2.81409
2.45964
2.52577
2.27532
2.01898
1.78437
1.51402
1.42734
1.08555
0.916437
0.751864
0.675696
0.602291
0.444637
0.366847
0.200781
0.0329048
-0.132953
-0.199672
-0.369575
-0.624954
-0.79379
-1.13785
-1.12057
-1.55947
-1.63947
-2.19159
-2.23523
-2.32164
-2.64915
-2.68315
-2.78897
-3.12168
-3.16416
-3.31507
-3.46585
-3.98197
-4.18376
-4.31879
-4.52205
-4.69571
-4.96053
-5.46782
-5.76256
-6.0464
-6.24724
-6.57845
-6.83639
-7.06107
-7.19562
-7.35957
-8.09547
-8.25069
-7.89853
-8.56927
-8.66846
-8.95827
-9.24233
-9.47337
-9.18212
-9.44227
-9.72587
-10.0177
-10.408
-10.9276
-11.4214
-11.7807
-11.3767
-11.9315
-12.5503
-12.9334
-12.6618
-13.3637
-13.812
-14.0321
-14.2042
-14.4356
-14.6436
-14.7328
-15.3299
-14.6725
-15.2614
-14.5179
-15.0298
-14.9434
-14.3493
-14.125
-13.965
-13.8511
-13.5474
-12.5807
-13.0123
-12.1758
-12.2379
-11.5799
-10.6725
-10.7723
-10.0523
-9.49991
-9.03705
-8.16191
-7.90739
-7.59509
-6.68653
-6.31493
-5.95421
-5.17051
-4.8829
-4.15442
-3.69006
-3.03972
-2.68364
-2.27273
-1.6878
-1.65163
-1.04368
-0.699633
-0.537331
-0.366813
-0.281963
-0.191679
-0.46223
-0.723226
-0.810623
-0.900442
-0.895358
-0.895358
-0.810623
-0.810623
-0.720642
-0.630426
-0.723226
-0.628402
-0.704367
-0.785426
-1.22348
-1.65639
-1.98811
-2.54599
-3.05332
-3.57636
-4.04354
-4.30945
-4.73354
-4.77144
-4.68555
-4.70458
-4.47624
-4.20688
-3.49737
-2.98082
-2.43628
-1.85901
-1.31156
-0.720441
-0.128491
0.283476
0.356167
0.172987
-0.10058
-0.18716
-0.4478
-0.530306
-0.527245
-0.705164
-0.474202
-1.29621
-1.72122
-1.86064
-1.92144
-1.8889
-2.73972
-3.40257
-3.10034
-3.26574
-3.29582
-3.19372
-3.57209
-4.3387
-4.88097
-5.13572
-4.00364
-2.46709
-0.819425
-0.594365
-1.80108
-3.07357
-4.08826
-3.99602
-3.73689
-2.08243
-1.22929
-2.1846
-4.12134
-5.73924
-6.36958
-5.56742
-3.70974
-1.90337
-1.3407
-2.68333
-5.36739
-7.78567
-9.04215
-8.92863
-7.81107
-5.43731
-3.07984
-1.44472
-1.04255
-1.96076
-4.21028
-6.96771
-9.15629
-10.6511
-10.8864
-9.98153
-7.81309
-5.05447
-2.90209
-1.89854
-1.65136
-1.97828
-2.7222
-3.62784
-4.43913
-5.05847
-5.14403
-4.8265
-4.31408
-3.69014
-2.80409
-2.69656
-2.66522
-2.65757
-2.82909
-2.99974
-2.99917
-2.91496
-2.91866
-2.66586
-2.58229
-2.23982
-2.15589
-2.16771
-1.90523
-2.00378
-1.6558
-1.66761
-1.58686
-1.41902
-1.15435
-1.15572
-1.24071
-1.41067
-1.75561
-1.825
-2.07487
-2.32956
-3.03295
-2.85596
-2.51283
-2.44243
-1.86112
-1.5673
-1.63673
-1.53127
-1.29833
-1.4332
-1.40721
-1.66292
-1.39911
-1.39911
-1.53296
-1.53296
-1.39911
-1.66292
-1.55142
-1.47465
-1.47465
-1.48417
-1.48417
-1.61851
-1.39911
-1.46624
-1.39911
-1.38707
-1.36429
-1.32631
-1.49039
-1.69089
-1.99164
-1.89929
-2.14945
-2.84727
-3.3772
-3.50417
-3.5037
-3.55098
-3.55098
-3.55098
-3.56061
-3.46868
-3.40481
-3.39946
-3.42023
-3.30706
-3.2317
-3.19028
-3.19028
-3.14903
-3.10699
-2.96745
-2.8495
-2.49579
-2.30462
-2.18998
-2.12884
-2.12884
-2.12884
-2.12884
-2.07271
-2.01218
-2.01218
-2.08454
-2.142
-2.12884
-2.388
-2.49945
-2.15844
-2.18269
-2.19613
-2.15827
-2.11958
0.390457
-1.08428
-1.56367
1.10392
5.35557
4.82057
2.91509
2.37512
2.4397
2.98784
0.868477
-0.2757
-0.46869
-0.240206
0.222909
2.011
2.2543
2.53293
2.44085
2.26015
2.53101
2.53101
2.25307
2.52656
2.43603
2.35148
2.26109
2.25525
2.25525
2.25729
2.52759
2.5338
2.44368
2.43726
2.43726
2.43726
2.43782
2.43782
2.44418
2.44418
2.43782
2.43726
2.43726
2.44368
2.43726
2.43726
2.52759
2.52759
2.52759
2.52759
2.52759
2.52759
2.52759
2.52759
2.52759
2.52759
2.52759
2.52759
2.52759
2.43726
2.43726
2.43726
2.43726
2.43726
2.43726
2.43726
2.43726
2.43726
2.43726
2.43726
2.43726
2.43726
2.43726
2.43726
2.43726
2.43726
2.43726
2.52759
2.43726
2.43726
2.52759
2.43726
2.43726
2.52759
2.43726
2.43726
2.43726
2.43726
2.43726
2.43726
2.43726
2.43726
2.43726
2.43726
2.43726
2.43726
2.43726
2.43726
2.43726
2.43726
2.43726
2.43726
2.43726
2.43726
2.43726
2.43726
2.43726
2.43726
2.43726
2.43726
2.43726
2.43726
2.43726
2.43726
2.43726
2.43726
2.43726
2.43726
2.43726
2.43726
2.43726
2.43726
2.43726
2.43726
2.43726
2.43726
2.43726
2.43726
2.43726
2.43726
2.43726
2.43726
2.43726
2.43726
2.43726
2.43726
2.43726
2.43726
2.43726
2.43726
2.43726
2.43726
2.43726
2.43726
2.43726
2.43726
2.43726
2.43726
2.43726
2.43726
2.43726
2.43726
2.43726
2.43726
2.43726
2.43726
2.43726
2.43726
2.43726
2.43726
2.43726
2.43726
2.43726
2.43726
2.43726
2.43726
2.43726
2.43726
2.43726
2.43726
2.43726
2.43726
2.43726
2.43726
2.43726
2.43726
2.43726
2.43726
2.43726
2.43726
2.43726
2.43726
2.43726
2.43726
2.43726
2.43726
2.43726
2.43726
2.43726
2.43726
2.43726
2.43726
2.43726
2.43726
2.43726
2.43726
2.43726
2.43726
2.43726
2.43726
2.43726
2.43726
2.43726
2.43726
2.43726
2.43726
2.43726
2.43726
2.43726
2.43726
2.43726
2.43726
2.43726
2.43726
2.43726
2.43726
2.43726
2.43726
2.43726
2.43726
2.43726
2.43726
2.43726
2.43726
2.43726
2.43726
2.43726
2.43726
2.43726
2.43726
2.43726
2.43726
2.43726
2.43726
2.43726
2.43726
2.43726
2.43726
2.43726
2.43726
2.43726
2.43726
2.43726
2.43726
2.43726
2.43726
2.43726
2.43726
2.43726
2.43726
2.43726
2.43726
2.43726
2.43726
2.43726
2.43726
2.43726
2.43726
2.43726
2.43726
2.43726
2.43726
2.43726
2.43726
2.43726
2.43726
2.43726
2.43726
2.43726
2.43726
2.43726
2.43726
2.43726
2.43726
2.07504
1.83105
1.70733
1.45211
1.45211
1.45211
1.45044
1.45044
1.45211
1.45211
1.89275
2.07504
2.43726
2.43726
2.43726
2.43726
2.43726
2.43726
2.43726
2.43726
2.43726
2.43726
2.43726
2.43726
2.43726
2.43726
2.43726
2.43726
2.43726
2.43726
2.43726
2.43726
2.43726
2.43726
2.43726
2.43726
2.43726
2.43726
2.52312
5.66823
10.1841
14.1802
15.84
15.9241
15.8413
15.8413
15.8413
15.84
15.8304
15.8317
15.9146
15.9146
15.8304
15.9146
15.9177
15.9177
15.9177
15.9177
15.9177
15.9177
15.9177
15.9146
15.9177
15.9177
15.9177
15.9177
15.9177
15.9177
15.9177
15.9177
15.9177
15.9177
15.9177
15.9177
15.9177
15.9177
15.9177
15.9177
15.9177
15.8304
15.915
15.9254
14.1836
11.8434
9.53201
5.50048
1.93608
-1.38354
-3.05566
-3.54698
-3.6881
-2.84499
-2.67803
-2.67803
-2.67803
-2.67803
-2.67803
-2.67803
-2.67803
-2.67803
-2.67803
-2.42414
-2.68298
-3.23126
-4.06373
-4.05924
-3.75552
-4.45717
-5.33694
-6.26138
-6.40105
-5.69293
-5.06375
-5.49632
-5.52478
-5.36543
-5.44657
-5.17394
-5.19373
-5.19373
-5.19373
-5.19373
-5.19373
-5.19373
-5.19373
-5.19373
-5.19373
-5.19373
-5.19373
-5.19373
-5.21349
-5.11038
-4.69438
-4.73402
-4.84245
-4.67153
-4.89921
-4.77116
-4.67153
-4.85933
-4.79889
-4.73148
-4.79889
-4.79889
-4.79102
-4.79889
-4.79889
-4.77116
-4.79889
-4.79889
-4.79889
-4.79889
-4.79889
-4.79889
-4.79889
-4.79889
-4.79889
-4.79889
-4.79889
-4.79889
-4.79889
-4.79889
-4.79889
-4.79889
-4.79889
-4.79889
-4.79889
-4.79889
-4.79889
-4.79889
-4.79889
-4.79889
-4.79889
-4.79889
-4.79889
-4.79889
-4.79889
-4.79889
-4.79889
-4.79889
-4.79889
-4.79889
-4.79889
-4.79889
-4.79889
-4.79889
-4.79889
-4.79889
-4.79889
-4.79889
-4.79889
-4.79889
-4.79889
-4.79889
-4.79889
-4.79889
-4.79889
-4.79889
-4.79889
-4.79889
-4.79889
-4.79889
-4.79889
-4.79889
-4.79889
-4.79889
-4.79889
-4.79889
-4.79889
-4.79889
-4.79889
-4.73872
-4.79889
-4.79889
-4.79889
-4.79889
-4.79889
-4.79889
-4.79889
-4.79889
-4.73872
-4.73872
-4.79889
-4.79889
-4.79889
-4.79889
-4.79889
-4.79889
-4.73872
-4.73872
-4.73872
-4.73872
-4.79889
-4.79889
-4.79889
-4.73872
-4.73872
-4.73872
-4.73872
-4.73872
-4.73872
-4.73872
-4.73872
-4.73872
-4.73872
-4.73872
-4.73872
-4.73872
-4.73872
-4.73872
-4.73872
-4.73872
-4.73872
-4.73872
-4.73872
-4.73872
-4.73872
-4.73872
-4.73872
-4.73872
-4.73872
-4.73872
-4.73872
-4.73872
-4.73872
-4.73872
-4.73872
-4.73872
-4.73872
-4.73872
-4.73872
-4.73872
-4.73872
-4.73872
-4.73872
-4.73872
-4.73872
-4.73872
-4.73872
-4.73872
-4.73872
-4.73872
-4.73872
-4.73872
-4.73872
-4.73872
-4.73872
-4.73872
-4.73872
-4.73872
-4.73872
-4.73872
-4.73872
-4.73872
-4.73872
-4.73872
-4.73872
-4.73872
-4.73872
-4.73872
-4.73872
-4.73872
-4.73872
-4.73872
-4.73872
-4.73872
-4.73872
-4.73872
-4.73872
-4.73872
-4.73872
-4.73872
-4.73872
-4.73872
-4.73872
-4.73872
-4.73872
-4.73872
-4.73872
-4.73872
-4.73872
-4.73872
-4.73872
-4.73872
-4.73872
-4.73872
-4.73872
-4.73872
-4.73872
-4.73872
-4.73872
-4.73872
-4.73872
-4.73872
-4.73872
-4.73872
-4.73872
-4.73872
-4.73872
-4.73872
-4.73872
-4.73872
-4.73872
-4.73872
-4.73872
-4.73872
-4.73872
-4.73872
NT: ERROR: select() to 10.6.23.2 port 1735 error 111 - Connection refused (TCPConnector.cpp:173)
-4.67813
-4.73872
-4.73872
-4.73872
-4.73872
NT: ERROR: select() to 10.6.23.2 port 1735 error 111 - Connection refused (TCPConnector.cpp:173)
-4.73872
-4.73872
-4.67813
-4.73872
-4.73872
-4.73872
-4.73872
-4.73872
NT: ERROR: select() to 10.6.23.2 port 1735 error 111 - Connection refused (TCPConnector.cpp:173)
-4.73872
-4.73872
-4.73872
-4.73872
-4.73872
NT: ERROR: select() to 10.6.23.2 port 1735 error 111 - Connection refused (TCPConnector.cpp:173)
-4.67813
-4.73872
-4.73872
